0.0 1.001489857536613   
0.0 1.9985404326941303   
0.0 3.001409538931179   
0.0 3.998659551039515   
0.0 0.01875000000000001   
      
0.75 1.008129907243638   
0.75 2.0004411002166553   
0.75 3.00004992875714   
0.75 3.9970625396015023   
0.75 0.027686720618565714   
      
1.5 1.0152275832136521   
1.5 2.0030997018569967   
1.5 2.998889482019896   
1.5 3.9947129235545202   
1.5 0.036783360689167315   
      
2.25 1.0229500183942477   
2.25 2.006227554146918   
2.25 2.9977040829995243   
2.25 3.9917298730089676   
2.25 0.046524196184947915   
      
3.0 1.0314424031025584   
3.0 2.0097620619012173   
3.0 2.996357696499525   
3.0 3.988046722475044   
3.0 0.05717549054524993   
      
3.75 1.040852456526067   
3.75 2.0136990753883373   
3.75 2.9947444534848024   
3.75 3.9835463533798445   
3.75 0.0689672438128929   
      
4.5 1.0513410149259204   
4.5 2.018059715805019   
4.5 2.9927670959110286   
4.5 3.9780818456956712   
4.5 0.08213526893949218   
      
5.25 1.0630883678883893   
5.25 2.022881303539189   
5.25 2.99032774426218   
5.25 3.9714778706643843   
5.25 0.09693832609145298   
      
6.0 1.0762995050117168   
6.0 2.0282145584506224   
6.0 2.9873224516705315   
6.0 3.963527149582002   
6.0 0.11366935106928723   
      
6.75 1.0912091529351302   
6.75 2.0341227864165745   
6.75 2.9836371251115876   
6.75 3.9539851459118003   
6.75 0.1326655373041467   
      
7.5 1.1080868456024622   
7.5 2.040681847604749   
7.5 2.979144079030595   
7.5 3.9425637284923187   
7.5 0.15431873386293457   
      
8.25 1.1272420397557517   
8.25 2.0479804763248195   
8.25 2.973698991204157   
8.25 3.9289239896393213   
8.25 0.1790867451474871   
      
9.0 1.1490291325976398   
9.0 2.0561207136144017   
9.0 2.967138238018246   
9.0 3.912668332039317   
9.0 0.20750582170525939   
      
9.75 1.1738520635909055   
9.75 2.0652182414715905   
9.75 2.9592767307326633   
9.75 3.8933320349125253   
9.75 0.24020444326485876   
      
10.5 1.2021679443978628   
10.5 2.075402375458901   
10.5 2.949906525500044   
10.5 3.8703747213500836   
10.5 0.27791826004045594   
      
11.25 1.2344888238504128   
11.25 2.0868154044281333   
11.25 2.938796667380684   
11.25 3.843172502931195   
11.25 0.3215056800411015   
      
12.0 1.271380217979635   
12.0 2.0996108666429603   
12.0 2.925694972259258   
12.0 3.811012141865508   
12.0 0.37196295347219716   
      
12.75 1.3134543728611487   
12.75 2.1139502215332873   
12.75 2.9103327666915146   
12.75 3.7730894475136685   
12.75 0.4304365397970835   
      
13.5 1.3613553375112601   
13.5 2.129997220346886   
13.5 2.8924340037466716   
13.5 3.7285154536198277   
13.5 0.4982287913331602   
      
14.25 1.4157317877509348   
14.25 2.147909112421449   
14.25 2.8717306448961   
14.25 3.676335876015519   
14.25 0.5767901770438655   
      
15.0 1.477192218076416   
15.0 2.1678236832782756   
15.0 2.847986697030393   
15.0 3.615572088083313   
15.0 0.6676869105876002   
      
15.75 1.5462358421183746   
15.75 2.189841080549843   
15.75 2.8210336952646404   
15.75 3.5452953957573876   
15.75 0.7725264175236456   
      
16.5 1.62315190651817   
16.5 2.2139995798181404   
16.5 2.790820460969403   
16.5 3.4647503228849037   
16.5 0.8928143803726478   
      
17.25 1.7078813637393848   
17.25 2.24024510184718   
17.25 2.757479143281799   
17.25 3.3735454187863496   
17.25 1.0297072489303787   
      
18.0 1.7998401888416309   
18.0 2.2683957577350125   
18.0 2.7214070399777883   
18.0 3.271928029780495   
18.0 1.1836178098762766   
      
18.75 1.897716428965568   
18.75 2.298105411425133   
18.75 2.683358281867201   
18.75 3.161145063908341   
18.75 1.3536413202631539   
      
19.5 1.9992771188274248   
19.5 2.3288346183708057   
19.5 2.644529771891168   
19.5 3.0438532801115046   
19.5 1.5368218503258135   
      
20.25 2.101257709148414   
20.25 2.359843296500876   
20.25 2.606611062824565   
20.25 2.924468517660021   
20.25 1.7274106456500142   
      
21.0 2.1994477333467426   
21.0 2.3902257536070084   
21.0 2.5717500301611222   
21.0 2.809238946208288   
21.0 1.9164971322128717   
      
21.75 2.289106022539424   
21.75 2.419011036190329   
21.75 2.542373203836296   
21.75 2.7057463916758673   
21.75 2.0926206831010457   
      
22.5 2.365789525681914   
22.5 2.445341345760772   
22.5 2.5208091875207277   
22.5 2.621602417802742   
22.5 2.2438895330910977   
      
23.25 2.4265116508913955   
23.25 2.46870629193883   
23.25 2.5087222151351236   
23.25 2.5624363354582007   
23.25 2.3613977008004015   
      
24.0 2.4708572430956024   
24.0 2.4891447615209428   
24.0 2.506489248445847   
24.0 2.5298288597261225   
24.0 2.442554910681949   
      
24.75 2.5013925607206113   
24.75 2.507254079607094   
24.75 2.5128142903266046   
24.75 2.5203037021093064   
24.75 2.492314315997348   
      
25.5 2.522725775539843   
25.5 2.5238533374602046   
25.5 2.5249230726242   
25.5 2.526364421428042   
25.5 2.5209793421037197   
      
