0.0 1.0041526281849111   
0.0 1.9967972463803931   
0.0 3.0018990666646785   
0.0 3.9994284412298176   
0.0 0.015750000000000007   
      
0.75 1.0107812986927291   
0.75 1.9987057163562616   
0.75 3.000538556805056   
0.75 3.997832182680225   
0.75 0.024686907798160195   
      
1.5 1.0178689491494537   
1.5 2.001372217959184   
1.5 2.999376727182761   
1.5 3.9954827023950554   
1.5 0.033783772482727126   
      
2.25 1.0255812488161025   
2.25 2.0045085041712283   
2.25 2.998189613288926   
2.25 3.99249938911589   
2.25 0.04352489937902384   
      
3.0 1.0340628234801437   
3.0 2.0080522645576937   
3.0 2.9968411885141952   
3.0 3.9888156512387747   
3.0 0.05417658126532747   
      
3.75 1.0434610149670978   
3.75 2.011999593075564   
3.75 2.995225555548179   
3.75 3.9843143885234564   
3.75 0.06596885552236981   
      
4.5 1.0539363258223262   
4.5 2.016371851837032   
4.5 2.993245410574494   
4.5 3.9788486705175643   
4.5 0.0791375851236953   
      
5.25 1.0656687083961833   
5.25 2.021206615994625   
5.25 2.9908028150233124   
5.25 3.9722431370301208   
5.25 0.09394159792312556   
      
6.0 1.0788627880426642   
6.0 2.0265548843583994   
6.0 2.9877937499639717   
6.0 3.9642904587510968   
6.0 0.11067392150179561   
      
6.75 1.0937528829863015   
6.75 2.0324802741062746   
6.75 2.9841040363142857   
6.75 3.954746028689737   
6.75 0.1296718739432947   
      
7.5 1.1106080588223086   
7.5 2.0390589961993726   
7.5 2.979605886953168   
7.5 3.9433216230637393   
7.5 0.15132747395126972   
      
8.25 1.1297372279277331   
8.25 2.046380181612155   
8.25 2.974154860791505   
8.25 3.9296782155907115   
8.25 0.17609875725570714   
      
9.0 1.1514941499774667   
9.0 2.0545463193914038   
9.0 2.967587196142128   
9.0 3.9134180589798486   
9.0 0.20452229042105677   
      
9.75 1.1762820152526454   
9.75 2.0636735949951843   
9.75 2.959717645147986   
9.75 3.8940762438753698   
9.75 0.2372269854518606   
      
10.5 1.2045570549114695   
10.5 2.0738918848134977   
10.5 2.950338082318942   
10.5 3.8711121568562077   
10.5 0.27494908426430265   
      
11.25 1.2368302859264246   
11.25 2.085344094334384   
11.25 2.9392173478575265   
11.25 3.843901613285833   
11.25 0.31854780466051524   
      
12.0 1.2736660225562606   
12.0 2.098184427340893   
12.0 2.92610303035899   
12.0 3.8117310050594537   
12.0 0.3690205037041447   
      
12.75 1.3156751255752397   
12.75 2.1125750426972543   
12.75 2.9107262099480202   
12.75 3.7737956802809673   
12.75 0.42751514953663344   
      
13.5 1.3635000724536963   
13.5 2.1286803983314475   
13.5 2.8928105814595906   
13.5 3.7292061022973977   
13.5 0.49533614070990883   
      
14.25 1.417787798984278   
14.25 2.1466584143223395   
14.25 2.8720878499478912   
14.25 3.6770072909097262   
14.25 0.5739366991907501   
      
15.0 1.479144943810704   
15.0 2.166647445271293   
15.0 2.848321790705156   
15.0 3.6162197900350623   
15.0 0.6648866952547611   
      
15.75 1.5480688565193874   
15.75 2.1887480110277044   
15.75 2.821343768454399   
15.75 3.5459139579180454   
15.75 0.7697983128463486   
      
16.5 1.6248470992260746   
16.5 2.212998431008108   
16.5 2.791102549648632   
16.5 3.4653333175450403   
16.5 0.8901832226340148   
      
17.25 1.709419413580115   
17.25 2.2393441693660234   
17.25 2.7577304195839742   
17.25 3.374085524052721   
17.25 1.02720498785293   
      
18.0 1.8012014576166089   
18.0 2.2676021711129994   
18.0 2.7216250987766077   
18.0 3.2724174530607337   
18.0 1.1812839746608006   
      
18.75 1.8988824015384085   
18.75 2.2974241995559117   
18.75 2.683541528740712   
18.75 3.161576491013168   
18.75 1.351521738378044   
      
19.5 2.0002324869031813   
19.5 2.3282675875567524   
19.5 2.6446778796870363   
19.5 3.0442215090963822   
19.5 1.534963938306925   
      
20.25 2.1019931376092136   
20.25 2.359387865769295   
20.25 2.6067253897599394   
20.25 2.924772609003658   
20.25 1.725853708317431   
      
21.0 2.1999632585580438   
21.0 2.3898740695115097   
21.0 2.571833793824112   
21.0 2.809483976270636   
21.0 1.9152585600251384   
      
21.75 2.2894148560877206   
21.75 2.4187499277257087   
21.75 2.54243116479501   
21.75 2.705943063486902   
21.75 2.0916845947749714   
      
22.5 2.365921611643613   
22.5 2.4451539017842436   
22.5 2.5208468300999147   
22.5 2.6217631257254044   
22.5 2.243208968962735   
      
23.25 2.4265155318557268   
23.25 2.468575873785533   
23.25 2.5087452519599243   
23.25 2.562569290604841   
23.25 2.36091543600979   
      
24.0 2.470798118740847   
24.0 2.489061897406262   
24.0 2.5065057980789933   
24.0 2.529936767309162   
24.0 2.442231156657734   
      
24.75 2.5013455945332606   
24.75 2.5072259029800623   
24.75 2.5128431162442393   
24.75 2.520395428099037   
24.75 2.492141066727408   
      
25.5 2.522768686142138   
25.5 2.5239141824909996   
25.5 2.5250085373765385   
25.5 2.526480306198247   
25.5 2.5209754892603655   
      
26.25 2.539500695233472   
26.25 2.539564660890812   
26.25 2.5396257734178618   
26.25 2.5397079683835657   
26.25 2.539400563636289   
      
27.0 2.5536366930474217   
27.0 2.5536309959654497   
27.0 2.553625552994028   
27.0 2.5536182323170715   
27.0 2.5536456112315236   
      
27.75 2.564509326027287   
27.75 2.564510646783676   
27.75 2.56451190862939   
27.75 2.564513605783928   
27.75 2.5645072585214264   
      
28.5 2.5699461011048315   
28.5 2.569945620773868   
28.5 2.569945161867447   
28.5 2.569944544648451   
28.5 2.5699468530126377   
      
29.25 2.567443892990284   
29.25 2.567444122235417   
29.25 2.567444341255363   
29.25 2.5674446358323477   
29.25 2.5674435341310367   
      
30.0 2.5545557482466417   
30.0 2.55455561792789   
30.0 2.5545554934218377   
30.0 2.55455532596395   
30.0 2.5545559522469987   
      
30.75 2.529161218616082   
30.75 2.529161301636428   
30.75 2.529161380953759   
30.75 2.529161487633815   
30.75 2.5291610886564238   
      
31.5 2.4898283235894514   
31.5 2.489828266625944   
31.5 2.489828212203221   
31.5 2.4898281390058603   
31.5 2.489828412759857   
      
32.25 2.436238460075735   
32.25 2.4362385011471086   
32.25 2.436238540386546   
32.25 2.4362385931627233   
32.25 2.4362383957828   
      
33.0 2.3696988177085943   
33.0 2.3696987869899133   
33.0 2.3696987576414013   
33.0 2.3696987181682996   
33.0 2.369698865795472   
      
33.75 2.293626010217751   
33.75 2.293626033963808   
33.75 2.2936260566507025   
33.75 2.293626087164074   
33.75 2.2936259730457857   
      
34.5 2.2137390735891596   
34.5 2.2137390545673004   
34.5 2.2137390363938874   
34.5 2.2137390119510476   
34.5 2.213739103365887   
      
35.25 2.1375910358212997   
35.25 2.1375910516926124   
35.25 2.1375910668560048   
35.25 2.1375910872504322   
35.25 2.137591010976424   
      
36.0 2.07331047847544   
36.0 2.07331046463085   
36.0 2.0733104514037817   
36.0 2.0733104336136674   
36.0 2.073310500147693   
      
36.75 2.0279397863186714   
36.75 2.0279397989414267   
36.75 2.027939811001158   
36.75 2.0279398272212292   
36.75 2.0279397665590744   
      
37.5 2.00608763968139   
37.5 2.006087627707637   
37.5 2.00608761626796   
37.5 2.0060876008818487   
37.5 2.0060876584250407   
      
38.25 2.0094018554752946   
38.25 2.0094018672002125   
38.25 2.0094018784021523   
38.25 2.0094018934685134   
38.25 2.0094018371211693   
      
39.0 2.036858581269985   
39.0 2.036858569525728   
39.0 2.0368585583053114   
39.0 2.0368585432141   
39.0 2.0368585996543844   
      
39.75 2.0854678946657645   
39.75 2.0854679065942947   
39.75 2.085467917990765   
39.75 2.085467933318766   
39.75 2.0854678759929044   
      
40.5 2.1510156416252237   
40.5 2.1510156294311447   
40.5 2.15101561778097   
40.5 2.1510156021117424   
40.5 2.151015660713773   
      
41.25 2.2286804593554232   
41.25 2.228680471821718   
41.25 2.2286804837319667   
41.25 2.228680499750988   
41.25 2.228680439840748   
      
42.0 2.3135112230118806   
42.0 2.3135112103435045   
42.0 2.3135111982401866   
42.0 2.3135111819614935   
42.0 2.3135112428428934   
      
42.75 2.4007468381824726   
42.75 2.4007468508989054   
42.75 2.4007468630481372   
42.75 2.4007468793885827   
42.75 2.4007468182762315   
      
43.5 2.485946593214094   
43.5 2.485946580685111   
43.5 2.4859465687149673   
43.5 2.4859465526153923   
43.5 2.4859466128269028   
      
44.25 2.5649593587497077   
44.25 2.5649593707991003   
44.25 2.564959382311045   
44.25 2.5649593977943526   
44.25 2.564959339887648   
      
45.0 2.6338700023176056   
45.0 2.6338699910515286   
45.0 2.6338699802879604   
45.0 2.6338699658112037   
45.0 2.6338700199534664   
      
45.75 2.689038615152121   
45.75 2.6890386253669485   
45.75 2.6890386351261575   
45.75 2.6890386482520734   
45.75 2.68903859916188   
      
46.5 2.727183682943805   
46.5 2.7271836739788626   
46.5 2.7271836654137895   
46.5 2.727183653893959   
46.5 2.727183696977481   
      
47.25 2.745358834670059   
47.25 2.745358842273255   
47.25 2.74535884953732   
47.25 2.745358859307324   
47.25 2.745358822768055   
      
48.0 2.7408214478354185   
48.0 2.7408214416131966   
48.0 2.7408214356685097   
48.0 2.74082142767304   
48.0 2.740821457575651   
      
48.75 2.710973433579063   
48.75 2.7109734384889927   
48.75 2.7109734431799213   
48.75 2.710973449489113   
48.75 2.7109734258930858   
      
49.5 2.6535809106475194   
49.5 2.6535809069087986   
49.5 2.6535809033368385   
49.5 2.6535808985326343   
49.5 2.653580916500093   
      
50.25 2.567441047581217   
50.25 2.567441050339232   
50.25 2.567441052974229   
50.25 2.5674410565182404   
50.25 2.5674410432638353   
      
51.0 2.453704981714027   
51.0 2.4537049797225032   
51.0 2.453704977819809   
51.0 2.4537049752607274   
51.0 2.4537049848315475   
      
51.75 2.3179322994730525   
51.75 2.3179323009098276   
51.75 2.3179323022825167   
51.75 2.3179323041287527   
51.75 2.3179322972239333   
      
52.5 2.1720061381753104   
52.5 2.1720061371083794   
52.5 2.1720061360890384   
52.5 2.1720061347180466   
52.5 2.172006139845477   
      
53.25 2.033508525260172   
53.25 2.033508526099878   
53.25 2.03350852690213   
53.25 2.0335085279811413   
53.25 2.033508523945701   
      
54.0 1.9210477717701582   
54.0 1.9210477710579577   
54.0 1.9210477703775237   
54.0 1.921047769462355   
54.0 1.9210477728850341   
      
54.75 1.848227511487463   
54.75 1.8482275121384222   
54.75 1.8482275127603462   
54.75 1.8482275135968205   
54.75 1.8482275104684545   
      
55.5 1.8202711281996244   
55.5 1.820271127567181   
55.5 1.8202711269629481   
55.5 1.820271126150267   
55.5 1.820271129189647   
      
56.25 1.8350510949882948   
56.25 1.835051095627849   
56.25 1.8350510962388757   
56.25 1.8350510970606941   
56.25 1.8350510939871414   
      
57.0 1.886559009256369   
57.0 1.886559008596847   
57.0 1.8865590079667436   
57.0 1.8865590071192668   
57.0 1.8865590102887795   
      
57.75 1.9673674027095351   
57.75 1.9673674033933128   
57.75 1.9673674040465896   
57.75 1.9673674049252337   
57.75 1.9673674016391565   
      
58.5 2.069858734164018   
58.5 2.069858733455885   
58.5 2.069858732779339   
58.5 2.069858731869399   
58.5 2.0698587352725224   
      
59.25 2.1866111021293375   
59.25 2.186611102861005   
59.25 2.186611103560035   
59.25 2.1866111045002157   
59.25 2.186611100983993   
      
60.0 2.310839722999293   
60.0 2.310839722245252   
60.0 2.310839721524846   
60.0 2.3108397205559155   
60.0 2.310839724179661   
      
60.75 2.4367227557084794   
60.75 2.4367227564809704   
60.75 2.4367227572190036   
60.75 2.4367227582116433   
60.75 2.4367227544992285   
      
61.5 2.5596728709808962   
61.5 2.5596728702003113   
61.5 2.559672869454545   
61.5 2.5596728684515058   
61.5 2.5596728722028175   
      
62.25 2.675856810090041   
62.25 2.6758568108604024   
62.25 2.6758568115964008   
62.25 2.675856812586304   
62.25 2.675856808884123   
      
63.0 2.7815542843524366   
63.0 2.7815542836157054   
63.0 2.7815542829118374   
63.0 2.781554281965149   
63.0 2.7815542855057096   
      
63.75 2.872865822010819   
63.75 2.872865822690638   
63.75 2.8728658233401325   
63.75 2.872865824213689   
63.75 2.8728658209466365   
      
64.5 2.946432555055895   
64.5 2.9464325544526044   
64.5 2.9464325538762237   
64.5 2.946432553101004   
64.5 2.946432556000282   
      
65.25 2.9996934563257796   
65.25 2.9996934568382465   
65.25 2.9996934573278553   
65.25 2.999693457986368   
65.25 2.9996934555235675   
      
66.0 3.0302069674900167   
66.0 3.030206967075448   
66.0 3.0302069666793696   
66.0 3.0302069661466557   
66.0 3.0302069681389803   
      
66.75 3.034671877701492   
66.75 3.0346718780198745   
66.75 3.0346718783240556   
66.75 3.0346718787331706   
66.75 3.0346718772030994   
      
67.5 3.008777326806203   
67.5 3.0087773265742985   
67.5 3.0087773263527375   
67.5 3.008777326054745   
67.5 3.0087773271692235   
      
68.25 2.947576180354125   
68.25 2.947576180514212   
68.25 2.94757618066716   
68.25 2.9475761808728693   
68.25 2.9475761801035256   
      
69.0 2.84616627226808   
69.0 2.8461662721636163   
69.0 2.846166272063811   
69.0 2.8461662719295764   
69.0 2.846166272431606   
      
69.75 2.700608884240977   
69.75 2.700608884305241   
69.75 2.70060888436664   
69.75 2.700608884449218   
69.75 2.700608884140378   
      
70.5 2.510372315928998   
70.5 2.5103723158914026   
70.5 2.5103723158554834   
70.5 2.510372315807174   
70.5 2.5103723159878495   
      
71.25 2.284238758029326   
71.25 2.2842387580510986   
71.25 2.2842387580718992   
71.25 2.284238758099875   
71.25 2.284238757995246   
      
72.0 2.047497793046445   
72.0 2.0474977930330436   
72.0 2.0474977930202414   
72.0 2.047497793003023   
72.0 2.0474977930674196   
      
72.75 1.8388236566546001   
72.75 1.838823656663915   
72.75 1.8388236566728127   
72.75 1.8388236566847798   
72.75 1.838823656640022   
      
73.5 1.6930768826799252   
73.5 1.693076882672452   
73.5 1.6930768826653133   
73.5 1.693076882655712   
73.5 1.6930768826916216   
      
74.25 1.6228413852649408   
74.25 1.6228413852717252   
74.25 1.6228413852782064   
74.25 1.6228413852869232   
74.25 1.6228413852543222   
      
75.0 1.6162822269000452   
75.0 1.6162822268934305   
75.0 1.616282226887111   
75.0 1.6162822268786121   
75.0 1.6162822269103982   
      
75.75 1.6577789577224382   
75.75 1.6577789577289854   
75.75 1.6577789577352404   
75.75 1.6577789577436526   
75.75 1.657778957712191   
      
76.5 1.7324749086773403   
76.5 1.7324749086710107   
76.5 1.732474908664964   
76.5 1.7324749086568316   
76.5 1.7324749086872466   
      
77.25 1.8293719674554025   
77.25 1.8293719674612867   
77.25 1.8293719674669084   
77.25 1.829371967474469   
77.25 1.8293719674461926   
      
78.0 1.9383677939017636   
78.0 1.938367793896483   
78.0 1.9383677938914383   
78.0 1.9383677938846529   
78.0 1.9383677939100294   
      
78.75 2.0523689639001432   
78.75 2.0523689639047884   
78.75 2.0523689639092253   
78.75 2.0523689639151943   
78.75 2.052368963892872   
      
79.5 2.165375824929552   
79.5 2.1653758249254715   
79.5 2.1653758249215747   
79.5 2.165375824916331   
79.5 2.165375824935939   
      
80.25 2.2744886174385557   
80.25 2.274488617442192   
80.25 2.2744886174456647   
80.25 2.274488617450337   
80.25 2.274488617432864   
      
81.0 2.377954407283322   
81.0 2.377954407280004   
81.0 2.377954407276835   
81.0 2.377954407272571   
81.0 2.377954407288516   
      
81.75 2.476023318952282   
81.75 2.476023318955387   
81.75 2.4760233189583527   
81.75 2.476023318962342   
81.75 2.476023318947422   
      
82.5 2.5689902265101843   
82.5 2.5689902265072275   
82.5 2.5689902265044045   
82.5 2.5689902265006053   
82.5 2.5689902265148117   
      
83.25 2.6581515411387215   
83.25 2.6581515411415397   
83.25 2.6581515411442305   
83.25 2.6581515411478525   
83.25 2.6581515411343117   
      
84.0 2.74432186228682   
84.0 2.74432186228419   
84.0 2.7443218622816783   
84.0 2.744321862278297   
84.0 2.7443218622909358   
      
84.75 2.8278549045165615   
84.75 2.8278549045189187   
84.75 2.82785490452117   
84.75 2.8278549045242003   
84.75 2.8278549045128725   
      
85.5 2.906931807393456   
85.5 2.90693180739145   
85.5 2.9069318073895336   
85.5 2.9069318073869543   
85.5 2.906931807396596   
      
86.25 2.980376425034943   
86.25 2.980376425036552   
86.25 2.9803764250380893   
86.25 2.980376425040158   
86.25 2.980376425032423   
      
87.0 3.0483668423777246   
87.0 3.0483668423765216   
87.0 3.0483668423753723   
87.0 3.0483668423738264   
87.0 3.048366842379607   
      
87.75 3.1111321052618197   
87.75 3.111132105262646   
87.75 3.1111321052634358   
87.75 3.1111321052644976   
87.75 3.111132105260526   
      
88.5 3.166743366148951   
88.5 3.166743366148433   
88.5 3.166743366147938   
88.5 3.166743366147273   
88.5 3.166743366149762   
      
89.25 3.2113981662544346   
89.25 3.2113981662547313   
89.25 3.2113981662550155   
89.25 3.2113981662553965   
89.25 3.21139816625397   
      
90.0 3.239927449109992   
90.0 3.2399274491098344   
90.0 3.2399274491096843   
90.0 3.239927449109482   
90.0 3.2399274491102377   
      
90.75 3.2471968713565067   
90.75 3.2471968713565853   
90.75 3.24719687135666   
90.75 3.2471968713567603   
90.75 3.2471968713563846   
      
91.5 3.229285486075181   
91.5 3.229285486075144   
91.5 3.229285486075109   
91.5 3.229285486075061   
91.5 3.229285486075239   
      
92.25 3.184291008425895   
92.25 3.184291008425912   
92.25 3.184291008425928   
92.25 3.1842910084259493   
92.25 3.1842910084258693   
      
93.0 3.112290357639069   
93.0 3.1122903576390617   
93.0 3.1122903576390546   
93.0 3.1122903576390453   
93.0 3.1122903576390804   
      
93.75 3.014626792715243   
93.75 3.014626792715246   
93.75 3.0146267927152492   
93.75 3.0146267927152532   
93.75 3.0146267927152386   
      
94.5 2.892915597507017   
94.5 2.892915597507016   
94.5 2.892915597507015   
94.5 2.892915597507013   
94.5 2.892915597507019   
      
95.25 2.749630418697243   
95.25 2.749630418697244   
95.25 2.749630418697244   
95.25 2.7496304186972447   
95.25 2.749630418697243   
      
96.0 2.590005830625568   
96.0 2.5900058306255676   
96.0 2.5900058306255676   
96.0 2.5900058306255667   
96.0 2.590005830625568   
      
96.75 2.4190189467930034   
96.75 2.4190189467930043   
96.75 2.4190189467930043   
96.75 2.4190189467930048   
96.75 2.4190189467930034   
      
97.5 2.2395678503406033   
97.5 2.239567850340603   
97.5 2.239567850340603   
97.5 2.2395678503406033   
97.5 2.2395678503406033   
      
98.25 2.0557176058305013   
98.25 2.0557176058305013   
98.25 2.0557176058305013   
98.25 2.0557176058305013   
98.25 2.0557176058305013   
      
99.0 1.869388629367236   
99.0 1.869388629367236   
99.0 1.869388629367236   
99.0 1.869388629367236   
99.0 1.869388629367236   
      
99.75 1.6764612099052667   
99.75 1.6764612099052667   
99.75 1.6764612099052667   
99.75 1.6764612099052667   
99.75 1.6764612099052667   
      
100.5 1.4679807785902597   
100.5 1.4679807785902597   
100.5 1.4679807785902597   
100.5 1.4679807785902597   
100.5 1.4679807785902597   
      
101.25 1.2329229183573394   
101.25 1.2329229183573394   
101.25 1.2329229183573394   
101.25 1.2329229183573394   
101.25 1.2329229183573394   
      
102.0 0.9598574303651595   
102.0 0.9598574303651595   
102.0 0.9598574303651595   
102.0 0.9598574303651595   
102.0 0.9598574303651595   
      
102.75 0.6407555013828863   
102.75 0.6407555013828863   
102.75 0.6407555013828863   
102.75 0.6407555013828863   
102.75 0.6407555013828863   
      
103.5 0.27979876177584156   
103.5 0.27979876177584156   
103.5 0.27979876177584156   
103.5 0.27979876177584156   
103.5 0.27979876177584156   
      
104.25 26.89998451633845   
104.25 26.89998451633845   
104.25 26.89998451633845   
104.25 26.89998451633845   
104.25 26.89998451633845   
      
105.0 26.553228564591155   
105.0 26.553228564591155   
105.0 26.553228564591155   
105.0 26.553228564591155   
105.0 26.553228564591155   
      
105.75 26.305531223051812   
105.75 26.305531223051812   
105.75 26.305531223051812   
105.75 26.305531223051812   
105.75 26.305531223051812   
      
106.5 26.147358669328423   
106.5 26.147358669328423   
106.5 26.147358669328423   
106.5 26.147358669328423   
106.5 26.147358669328423   
      
107.25 26.034504623180837   
107.25 26.034504623180837   
107.25 26.034504623180837   
107.25 26.034504623180837   
107.25 26.034504623180837   
      
108.0 25.95037590945778   
108.0 25.95037590945778   
108.0 25.95037590945778   
108.0 25.95037590945778   
108.0 25.95037590945778   
      
108.75 25.873268776772207   
108.75 25.873268776772207   
108.75 25.873268776772207   
108.75 25.873268776772207   
108.75 25.873268776772207   
      
109.5 25.787654871898116   
109.5 25.787654871898116   
109.5 25.787654871898116   
109.5 25.787654871898116   
109.5 25.787654871898116   
      
110.25 25.66566764645394   
110.25 25.66566764645394   
110.25 25.66566764645394   
110.25 25.66566764645394   
110.25 25.66566764645394   
      
111.0 25.46559744163708   
111.0 25.46559744163708   
111.0 25.46559744163708   
111.0 25.46559744163708   
111.0 25.46559744163708   
      
111.75 25.11009754963494   
111.75 25.11009754963494   
111.75 25.11009754963494   
111.75 25.11009754963494   
111.75 25.11009754963494   
      
112.5 24.45442851561279   
112.5 24.45442851561279   
112.5 24.45442851561279   
112.5 24.45442851561279   
112.5 24.45442851561279   
      
113.25 23.45232169038108   
113.25 23.45232169038108   
113.25 23.45232169038108   
113.25 23.45232169038108   
113.25 23.45232169038108   
      
114.0 23.7234969185828   
114.0 23.7234969185828   
114.0 23.7234969185828   
114.0 23.7234969185828   
114.0 23.7234969185828   
      
114.75 23.761359591691132   
114.75 23.761359591691132   
114.75 23.761359591691132   
114.75 23.761359591691132   
114.75 23.761359591691132   
      
115.5 24.001237903519623   
115.5 24.001237903519623   
115.5 24.001237903519623   
115.5 24.001237903519623   
115.5 24.001237903519623   
      
116.25 23.949551090642174   
116.25 23.949551090642174   
116.25 23.949551090642174   
116.25 23.949551090642174   
116.25 23.949551090642174   
      
117.0 24.15512318145573   
117.0 24.15512318145573   
117.0 24.15512318145573   
117.0 24.15512318145573   
117.0 24.15512318145573   
      
117.75 24.075501372328763   
117.75 24.075501372328763   
117.75 24.075501372328763   
117.75 24.075501372328763   
117.75 24.075501372328763   
      
118.5 24.194837816560202   
118.5 24.194837816560202   
118.5 24.194837816560202   
118.5 24.194837816560202   
118.5 24.194837816560202   
      
119.25 24.161459126620716   
119.25 24.161459126620716   
119.25 24.161459126620716   
119.25 24.161459126620716   
119.25 24.161459126620716   
      
120.0 24.221886488902527   
120.0 24.221886488902527   
120.0 24.221886488902527   
120.0 24.221886488902527   
120.0 24.221886488902527   
      
120.75 24.239010476218773   
120.75 24.239010476218773   
120.75 24.239010476218773   
120.75 24.239010476218773   
120.75 24.239010476218773   
      
121.5 24.2711183579217   
121.5 24.2711183579217   
121.5 24.2711183579217   
121.5 24.2711183579217   
121.5 24.2711183579217   
      
122.25 24.265997205182753   
122.25 24.265997205182753   
122.25 24.265997205182753   
122.25 24.265997205182753   
122.25 24.265997205182753   
      
123.0 24.22721649525356   
123.0 24.22721649525356   
123.0 24.22721649525356   
123.0 24.22721649525356   
123.0 24.22721649525356   
      
123.75 24.147679480650655   
123.75 24.147679480650655   
123.75 24.147679480650655   
123.75 24.147679480650655   
123.75 24.147679480650655   
      
124.5 24.03742664754393   
124.5 24.03742664754393   
124.5 24.03742664754393   
124.5 24.03742664754393   
124.5 24.03742664754393   
      
125.25 23.90154591995098   
125.25 23.90154591995098   
125.25 23.90154591995098   
125.25 23.90154591995098   
125.25 23.90154591995098   
      
126.0 23.748947127878047   
126.0 23.748947127878047   
126.0 23.748947127878047   
126.0 23.748947127878047   
126.0 23.748947127878047   
      
126.75 23.586804393442364   
126.75 23.586804393442364   
126.75 23.586804393442364   
126.75 23.586804393442364   
126.75 23.586804393442364   
      
127.5 23.424588077353853   
127.5 23.424588077353853   
127.5 23.424588077353853   
127.5 23.424588077353853   
127.5 23.424588077353853   
      
128.25 23.27162124601256   
128.25 23.27162124601256   
128.25 23.27162124601256   
128.25 23.27162124601256   
128.25 23.27162124601256   
      
129.0 23.13839288261681   
129.0 23.13839288261681   
129.0 23.13839288261681   
129.0 23.13839288261681   
129.0 23.13839288261681   
      
129.75 23.03527725441585   
129.75 23.03527725441585   
129.75 23.03527725441585   
129.75 23.03527725441585   
129.75 23.03527725441585   
      
130.5 22.971933700299243   
130.5 22.971933700299243   
130.5 22.971933700299243   
130.5 22.971933700299243   
130.5 22.971933700299243   
      
131.25 22.955204997209968   
131.25 22.955204997209968   
131.25 22.955204997209968   
131.25 22.955204997209968   
131.25 22.955204997209968   
      
132.0 22.989021566234403   
132.0 22.989021566234403   
132.0 22.989021566234403   
132.0 22.989021566234403   
132.0 22.989021566234403   
      
132.75 23.07534062348138   
132.75 23.07534062348138   
132.75 23.07534062348138   
132.75 23.07534062348138   
132.75 23.07534062348138   
      
133.5 23.215448323371394   
133.5 23.215448323371394   
133.5 23.215448323371394   
133.5 23.215448323371394   
133.5 23.215448323371394   
      
134.25 23.410818559745252   
134.25 23.410818559745252   
134.25 23.410818559745252   
134.25 23.410818559745252   
134.25 23.410818559745252   
      
135.0 23.664640177614537   
135.0 23.664640177614537   
135.0 23.664640177614537   
135.0 23.664640177614537   
135.0 23.664640177614537   
      
135.75 23.98540783806428   
135.75 23.98540783806428   
135.75 23.98540783806428   
135.75 23.98540783806428   
135.75 23.98540783806428   
      
136.5 24.390991048704244   
136.5 24.390991048704244   
136.5 24.390991048704244   
136.5 24.390991048704244   
136.5 24.390991048704244   
      
137.25 24.896360042892553   
137.25 24.896360042892553   
137.25 24.896360042892553   
137.25 24.896360042892553   
137.25 24.896360042892553   
      
138.0 25.47422278118684   
138.0 25.47422278118684   
138.0 25.47422278118684   
138.0 25.47422278118684   
138.0 25.47422278118684   
      
138.75 26.01734987094033   
138.75 26.01734987094033   
138.75 26.01734987094033   
138.75 26.01734987094033   
138.75 26.01734987094033   
      
139.5 26.36599144701628   
139.5 26.36599144701628   
139.5 26.36599144701628   
139.5 26.36599144701628   
139.5 26.36599144701628   
      
140.25 26.71118593333284   
140.25 26.71118593333284   
140.25 26.71118593333284   
140.25 26.71118593333284   
140.25 26.71118593333284   
      
141.0 0.20390322565584285   
141.0 0.20390322565584285   
141.0 0.20390322565584285   
141.0 0.20390322565584285   
141.0 0.20390322565584285   
      
141.75 1.0622031969330354   
141.75 1.0622031969330354   
141.75 1.0622031969330354   
141.75 1.0622031969330354   
141.75 1.0622031969330354   
      
142.5 2.3109484220332055   
142.5 2.3109484220332055   
142.5 2.3109484220332055   
142.5 2.3109484220332055   
142.5 2.3109484220332055   
      
143.25 1.426915727753584   
143.25 1.426915727753584   
143.25 1.426915727753584   
143.25 1.426915727753584   
143.25 1.426915727753584   
      
144.0 2.524769948685255   
144.0 2.524769948685255   
144.0 2.524769948685255   
144.0 2.524769948685255   
144.0 2.524769948685255   
      
144.75 1.1636048166542883   
144.75 1.1636048166542883   
144.75 1.1636048166542883   
144.75 1.1636048166542883   
144.75 1.1636048166542883   
      
145.5 2.3290663646570833   
145.5 2.3290663646570833   
145.5 2.3290663646570833   
145.5 2.3290663646570833   
145.5 2.3290663646570833   
      
146.25 1.4582509881587484   
146.25 1.4582509881587484   
146.25 1.4582509881587484   
146.25 1.4582509881587484   
146.25 1.4582509881587484   
      
147.0 1.9061324178856704   
147.0 1.9061324178856704   
147.0 1.9061324178856704   
147.0 1.9061324178856704   
147.0 1.9061324178856704   
      
147.75 1.6795332957004456   
147.75 1.6795332957004456   
147.75 1.6795332957004456   
147.75 1.6795332957004456   
147.75 1.6795332957004456   
      
148.5 1.6875644406251264   
148.5 1.6875644406251264   
148.5 1.6875644406251264   
148.5 1.6875644406251264   
148.5 1.6875644406251264   
      
149.25 1.6159215657091808   
149.25 1.6159215657091808   
149.25 1.6159215657091808   
149.25 1.6159215657091808   
149.25 1.6159215657091808   
      
150.0 1.491071726487231   
150.0 1.491071726487231   
150.0 1.491071726487231   
150.0 1.491071726487231   
150.0 1.491071726487231   
      
150.75 1.261475414512642   
150.75 1.261475414512642   
150.75 1.261475414512642   
150.75 1.261475414512642   
150.75 1.261475414512642   
      
151.5 0.9000049813765424   
151.5 0.9000049813765424   
151.5 0.9000049813765424   
151.5 0.9000049813765424   
151.5 0.9000049813765424   
      
152.25 0.7163475355632634   
152.25 0.7163475355632634   
152.25 0.7163475355632634   
152.25 0.7163475355632634   
152.25 0.7163475355632634   
      
153.0 1.3198002822170904   
153.0 1.3198002822170904   
153.0 1.3198002822170904   
153.0 1.3198002822170904   
153.0 1.3198002822170904   
      
153.75 2.016344613023041   
153.75 2.016344613023041   
153.75 2.016344613023041   
153.75 2.016344613023041   
153.75 2.016344613023041   
      
154.5 1.7120679009398918   
154.5 1.7120679009398918   
154.5 1.7120679009398918   
154.5 1.7120679009398918   
154.5 1.7120679009398918   
      
155.25 2.268637121540544   
155.25 2.268637121540544   
155.25 2.268637121540544   
155.25 2.268637121540544   
155.25 2.268637121540544   
      
156.0 1.528215992712382   
156.0 1.528215992712382   
156.0 1.528215992712382   
156.0 1.528215992712382   
156.0 1.528215992712382   
      
156.75 2.3106706049196086   
156.75 2.3106706049196086   
156.75 2.3106706049196086   
156.75 2.3106706049196086   
156.75 2.3106706049196086   
      
157.5 1.5980919290510736   
157.5 1.5980919290510736   
157.5 1.5980919290510736   
157.5 1.5980919290510736   
157.5 1.5980919290510736   
      
158.25 1.95720672978227   
158.25 1.95720672978227   
158.25 1.95720672978227   
158.25 1.95720672978227   
158.25 1.95720672978227   
      
159.0 1.678281869128132   
159.0 1.678281869128132   
159.0 1.678281869128132   
159.0 1.678281869128132   
159.0 1.678281869128132   
      
159.75 1.5636740881473852   
159.75 1.5636740881473852   
159.75 1.5636740881473852   
159.75 1.5636740881473852   
159.75 1.5636740881473852   
      
160.5 1.321527016566694   
160.5 1.321527016566694   
160.5 1.321527016566694   
160.5 1.321527016566694   
160.5 1.321527016566694   
      
161.25 1.0610220604849125   
161.25 1.0610220604849125   
161.25 1.0610220604849125   
161.25 1.0610220604849125   
161.25 1.0610220604849125   
      
162.0 0.9985549933774523   
162.0 0.9985549933774523   
162.0 0.9985549933774523   
162.0 0.9985549933774523   
162.0 0.9985549933774523   
      
162.75 1.188637658198844   
162.75 1.188637658198844   
162.75 1.188637658198844   
162.75 1.188637658198844   
162.75 1.188637658198844   
      
163.5 1.349487013540789   
163.5 1.349487013540789   
163.5 1.349487013540789   
163.5 1.349487013540789   
163.5 1.349487013540789   
      
164.25 1.5227315127920704   
164.25 1.5227315127920704   
164.25 1.5227315127920704   
164.25 1.5227315127920704   
164.25 1.5227315127920704   
      
165.0 1.6115796666816626   
165.0 1.6115796666816626   
165.0 1.6115796666816626   
165.0 1.6115796666816626   
165.0 1.6115796666816626   
      
165.75 1.688814511009959   
165.75 1.688814511009959   
165.75 1.688814511009959   
165.75 1.688814511009959   
165.75 1.688814511009959   
      
166.5 1.6806931792685813   
166.5 1.6806931792685813   
166.5 1.6806931792685813   
166.5 1.6806931792685813   
166.5 1.6806931792685813   
      
167.25 1.6510189850215875   
167.25 1.6510189850215875   
167.25 1.6510189850215875   
167.25 1.6510189850215875   
167.25 1.6510189850215875   
      
168.0 1.5405053175526497   
168.0 1.5405053175526497   
168.0 1.5405053175526497   
168.0 1.5405053175526497   
168.0 1.5405053175526497   
      
168.75 1.3769316139014542   
168.75 1.3769316139014542   
168.75 1.3769316139014542   
168.75 1.3769316139014542   
168.75 1.3769316139014542   
      
169.5 1.1397038600956206   
169.5 1.1397038600956206   
169.5 1.1397038600956206   
169.5 1.1397038600956206   
169.5 1.1397038600956206   
      
170.25 0.8857186555649476   
170.25 0.8857186555649476   
170.25 0.8857186555649476   
170.25 0.8857186555649476   
170.25 0.8857186555649476   
      
171.0 0.7335211141607798   
171.0 0.7335211141607798   
171.0 0.7335211141607798   
171.0 0.7335211141607798   
171.0 0.7335211141607798   
      
171.75 0.7448441504940292   
171.75 0.7448441504940292   
171.75 0.7448441504940292   
171.75 0.7448441504940292   
171.75 0.7448441504940292   
      
172.5 0.825352842751241   
172.5 0.825352842751241   
172.5 0.825352842751241   
172.5 0.825352842751241   
172.5 0.825352842751241   
      
173.25 0.9579441169147296   
173.25 0.9579441169147296   
173.25 0.9579441169147296   
173.25 0.9579441169147296   
173.25 0.9579441169147296   
      
174.0 1.0985181688082486   
174.0 1.0985181688082486   
174.0 1.0985181688082486   
174.0 1.0985181688082486   
174.0 1.0985181688082486   
      
174.75 1.2307495316711647   
174.75 1.2307495316711647   
174.75 1.2307495316711647   
174.75 1.2307495316711647   
174.75 1.2307495316711647   
      
175.5 1.3120920067530595   
175.5 1.3120920067530595   
175.5 1.3120920067530595   
175.5 1.3120920067530595   
175.5 1.3120920067530595   
      
176.25 1.329426183328153   
176.25 1.329426183328153   
176.25 1.329426183328153   
176.25 1.329426183328153   
176.25 1.329426183328153   
      
177.0 1.2714454130272226   
177.0 1.2714454130272226   
177.0 1.2714454130272226   
177.0 1.2714454130272226   
177.0 1.2714454130272226   
      
177.75 1.1453201351632938   
177.75 1.1453201351632938   
177.75 1.1453201351632938   
177.75 1.1453201351632938   
177.75 1.1453201351632938   
      
178.5 0.9604099763127818   
178.5 0.9604099763127818   
178.5 0.9604099763127818   
178.5 0.9604099763127818   
178.5 0.9604099763127818   
      
179.25 0.7536798537956539   
179.25 0.7536798537956539   
179.25 0.7536798537956539   
179.25 0.7536798537956539   
179.25 0.7536798537956539   
      
180.0 0.593497918066037   
180.0 0.593497918066037   
180.0 0.593497918066037   
180.0 0.593497918066037   
180.0 0.593497918066037   
      
180.75 0.534922619602053   
180.75 0.534922619602053   
180.75 0.534922619602053   
180.75 0.534922619602053   
180.75 0.534922619602053   
      
181.5 0.5598261481922525   
181.5 0.5598261481922525   
181.5 0.5598261481922525   
181.5 0.5598261481922525   
181.5 0.5598261481922525   
      
182.25 0.6436246758431622   
182.25 0.6436246758431622   
182.25 0.6436246758431622   
182.25 0.6436246758431622   
182.25 0.6436246758431622   
      
183.0 0.765131822645895   
183.0 0.765131822645895   
183.0 0.765131822645895   
183.0 0.765131822645895   
183.0 0.765131822645895   
      
183.75 0.9019437601978432   
183.75 0.9019437601978432   
183.75 0.9019437601978432   
183.75 0.9019437601978432   
183.75 0.9019437601978432   
      
184.5 1.0216541340593632   
184.5 1.0216541340593632   
184.5 1.0216541340593632   
184.5 1.0216541340593632   
184.5 1.0216541340593632   
      
185.25 1.0898577768838342   
185.25 1.0898577768838342   
185.25 1.0898577768838342   
185.25 1.0898577768838342   
185.25 1.0898577768838342   
      
186.0 1.0878007349234242   
186.0 1.0878007349234242   
186.0 1.0878007349234242   
186.0 1.0878007349234242   
186.0 1.0878007349234242   
      
186.75 1.018398529820898   
186.75 1.018398529820898   
186.75 1.018398529820898   
186.75 1.018398529820898   
186.75 1.018398529820898   
      
187.5 0.8954663813544221   
187.5 0.8954663813544221   
187.5 0.8954663813544221   
187.5 0.8954663813544221   
187.5 0.8954663813544221   
      
188.25 0.7441565508227875   
188.25 0.7441565508227875   
188.25 0.7441565508227875   
188.25 0.7441565508227875   
188.25 0.7441565508227875   
      
189.0 0.6045627176940799   
189.0 0.6045627176940799   
189.0 0.6045627176940799   
189.0 0.6045627176940799   
189.0 0.6045627176940799   
      
189.75 0.5195555513168195   
189.75 0.5195555513168195   
189.75 0.5195555513168195   
189.75 0.5195555513168195   
189.75 0.5195555513168195   
      
190.5 0.5049867742148213   
190.5 0.5049867742148213   
190.5 0.5049867742148213   
190.5 0.5049867742148213   
190.5 0.5049867742148213   
      
191.25 0.5512415928520235   
191.25 0.5512415928520235   
191.25 0.5512415928520235   
191.25 0.5512415928520235   
191.25 0.5512415928520235   
      
192.0 0.6439031912470901   
192.0 0.6439031912470901   
192.0 0.6439031912470901   
192.0 0.6439031912470901   
192.0 0.6439031912470901   
      
192.75 0.7644712589277107   
192.75 0.7644712589277107   
192.75 0.7644712589277107   
192.75 0.7644712589277107   
192.75 0.7644712589277107   
      
193.5 0.8877305642794029   
193.5 0.8877305642794029   
193.5 0.8877305642794029   
193.5 0.8877305642794029   
193.5 0.8877305642794029   
      
194.25 0.9812751947027101   
194.25 0.9812751947027101   
194.25 0.9812751947027101   
194.25 0.9812751947027101   
194.25 0.9812751947027101   
      
195.0 1.0197760505562645   
195.0 1.0197760505562645   
195.0 1.0197760505562645   
195.0 1.0197760505562645   
195.0 1.0197760505562645   
      
195.75 0.997595547882495   
195.75 0.997595547882495   
195.75 0.997595547882495   
195.75 0.997595547882495   
195.75 0.997595547882495   
      
196.5 0.9242144214091003   
196.5 0.9242144214091003   
196.5 0.9242144214091003   
196.5 0.9242144214091003   
196.5 0.9242144214091003   
      
197.25 0.817019575486879   
197.25 0.817019575486879   
197.25 0.817019575486879   
197.25 0.817019575486879   
197.25 0.817019575486879   
      
198.0 0.7017895680036913   
198.0 0.7017895680036913   
198.0 0.7017895680036913   
198.0 0.7017895680036913   
198.0 0.7017895680036913   
      
198.75 0.6101393235915029   
198.75 0.6101393235915029   
198.75 0.6101393235915029   
198.75 0.6101393235915029   
198.75 0.6101393235915029   
      
199.5 0.5670230799334532   
199.5 0.5670230799334532   
199.5 0.5670230799334532   
199.5 0.5670230799334532   
199.5 0.5670230799334532   
      
200.25 0.5788661517732225   
200.25 0.5788661517732225   
200.25 0.5788661517732225   
200.25 0.5788661517732225   
200.25 0.5788661517732225   
      
201.0 0.6385618144089669   
201.0 0.6385618144089669   
201.0 0.6385618144089669   
201.0 0.6385618144089669   
201.0 0.6385618144089669   
      
201.75 0.7324504697622488   
201.75 0.7324504697622488   
201.75 0.7324504697622488   
201.75 0.7324504697622488   
201.75 0.7324504697622488   
      
202.5 0.8407154346775118   
202.5 0.8407154346775118   
202.5 0.8407154346775118   
202.5 0.8407154346775118   
202.5 0.8407154346775118   
      
203.25 0.9373366610005217   
203.25 0.9373366610005217   
203.25 0.9373366610005217   
203.25 0.9373366610005217   
203.25 0.9373366610005217   
      
204.0 0.9969545459596321   
204.0 0.9969545459596321   
204.0 0.9969545459596321   
204.0 0.9969545459596321   
204.0 0.9969545459596321   
      
204.75 1.0066915810922077   
204.75 1.0066915810922077   
204.75 1.0066915810922077   
204.75 1.0066915810922077   
204.75 1.0066915810922077   
      
205.5 0.9687428089019199   
205.5 0.9687428089019199   
205.5 0.9687428089019199   
205.5 0.9687428089019199   
205.5 0.9687428089019199   
      
206.25 0.8944632883283359   
206.25 0.8944632883283359   
206.25 0.8944632883283359   
206.25 0.8944632883283359   
206.25 0.8944632883283359   
      
207.0 0.801693627822718   
207.0 0.801693627822718   
207.0 0.801693627822718   
207.0 0.801693627822718   
207.0 0.801693627822718   
      
207.75 0.71378796430616   
207.75 0.71378796430616   
207.75 0.71378796430616   
207.75 0.71378796430616   
207.75 0.71378796430616   
      
208.5 0.6545106353372417   
208.5 0.6545106353372417   
208.5 0.6545106353372417   
208.5 0.6545106353372417   
208.5 0.6545106353372417   
      
209.25 0.6383824211429402   
209.25 0.6383824211429402   
209.25 0.6383824211429402   
209.25 0.6383824211429402   
209.25 0.6383824211429402   
      
210.0 0.6665853367855775   
210.0 0.6665853367855775   
210.0 0.6665853367855775   
210.0 0.6665853367855775   
210.0 0.6665853367855775   
      
210.75 0.7308445369827403   
210.75 0.7308445369827403   
210.75 0.7308445369827403   
210.75 0.7308445369827403   
210.75 0.7308445369827403   
      
211.5 0.8165108770332181   
211.5 0.8165108770332181   
211.5 0.8165108770332181   
211.5 0.8165108770332181   
211.5 0.8165108770332181   
      
212.25 0.9035616806213674   
212.25 0.9035616806213674   
212.25 0.9035616806213674   
212.25 0.9035616806213674   
212.25 0.9035616806213674   
      
213.0 0.9699779033841915   
213.0 0.9699779033841915   
213.0 0.9699779033841915   
213.0 0.9699779033841915   
213.0 0.9699779033841915   
      
213.75 0.999553009090513   
213.75 0.999553009090513   
213.75 0.999553009090513   
213.75 0.999553009090513   
213.75 0.999553009090513   
      
214.5 0.9876933515053898   
214.5 0.9876933515053898   
214.5 0.9876933515053898   
214.5 0.9876933515053898   
214.5 0.9876933515053898   
      
215.25 0.9399036407602258   
215.25 0.9399036407602258   
215.25 0.9399036407602258   
215.25 0.9399036407602258   
215.25 0.9399036407602258   
      
216.0 0.8684312983519928   
216.0 0.8684312983519928   
216.0 0.8684312983519928   
216.0 0.8684312983519928   
216.0 0.8684312983519928   
      
216.75 0.7906646860868902   
216.75 0.7906646860868902   
216.75 0.7906646860868902   
216.75 0.7906646860868902   
216.75 0.7906646860868902   
      
217.5 0.7265331984835025   
217.5 0.7265331984835025   
217.5 0.7265331984835025   
217.5 0.7265331984835025   
217.5 0.7265331984835025   
      
218.25 0.6925226663843003   
218.25 0.6925226663843003   
218.25 0.6925226663843003   
218.25 0.6925226663843003   
218.25 0.6925226663843003   
      
219.0 0.6957716025027493   
219.0 0.6957716025027493   
219.0 0.6957716025027493   
219.0 0.6957716025027493   
219.0 0.6957716025027493   
      
219.75 0.7336231723708818   
219.75 0.7336231723708818   
219.75 0.7336231723708818   
219.75 0.7336231723708818   
219.75 0.7336231723708818   
      
220.5 0.7963418517437811   
220.5 0.7963418517437811   
220.5 0.7963418517437811   
220.5 0.7963418517437811   
220.5 0.7963418517437811   
      
221.25 0.86901998981835   
221.25 0.86901998981835   
221.25 0.86901998981835   
221.25 0.86901998981835   
221.25 0.86901998981835   
      
222.0 0.9337562020620038   
222.0 0.9337562020620038   
222.0 0.9337562020620038   
222.0 0.9337562020620038   
222.0 0.9337562020620038   
      
222.75 0.9743367875526382   
222.75 0.9743367875526382   
222.75 0.9743367875526382   
222.75 0.9743367875526382   
222.75 0.9743367875526382   
      
223.5 0.9818185517072618   
223.5 0.9818185517072618   
223.5 0.9818185517072618   
223.5 0.9818185517072618   
223.5 0.9818185517072618   
      
224.25 0.9563601119524097   
224.25 0.9563601119524097   
224.25 0.9563601119524097   
224.25 0.9563601119524097   
224.25 0.9563601119524097   
      
225.0 0.905370537393211   
225.0 0.905370537393211   
225.0 0.905370537393211   
225.0 0.905370537393211   
225.0 0.905370537393211   
      
225.75 0.8414845796750429   
225.75 0.8414845796750429   
225.75 0.8414845796750429   
225.75 0.8414845796750429   
225.75 0.8414845796750429   
      
226.5 0.7806006686392061   
226.5 0.7806006686392061   
226.5 0.7806006686392061   
226.5 0.7806006686392061   
226.5 0.7806006686392061   
      
227.25 0.738209194158288   
227.25 0.738209194158288   
227.25 0.738209194158288   
227.25 0.738209194158288   
227.25 0.738209194158288   
      
228.0 0.7244331685757212   
228.0 0.7244331685757212   
228.0 0.7244331685757212   
228.0 0.7244331685757212   
228.0 0.7244331685757212   
      
228.75 0.7413238630871549   
228.75 0.7413238630871549   
228.75 0.7413238630871549   
228.75 0.7413238630871549   
228.75 0.7413238630871549   
      
229.5 0.7837029460180122   
229.5 0.7837029460180122   
229.5 0.7837029460180122   
229.5 0.7837029460180122   
229.5 0.7837029460180122   
      
230.25 0.841057437037926   
230.25 0.841057437037926   
230.25 0.841057437037926   
230.25 0.841057437037926   
230.25 0.841057437037926   
      
231.0 0.8994031133573054   
231.0 0.8994031133573054   
231.0 0.8994031133573054   
231.0 0.8994031133573054   
231.0 0.8994031133573054   
      
231.75 0.9442581379945962   
231.75 0.9442581379945962   
231.75 0.9442581379945962   
231.75 0.9442581379945962   
231.75 0.9442581379945962   
      
232.5 0.9649083820201296   
232.5 0.9649083820201296   
232.5 0.9649083820201296   
232.5 0.9649083820201296   
232.5 0.9649083820201296   
      
233.25 0.9575124016449071   
233.25 0.9575124016449071   
233.25 0.9575124016449071   
233.25 0.9575124016449071   
233.25 0.9575124016449071   
      
234.0 0.9251848128793786   
234.0 0.9251848128793786   
234.0 0.9251848128793786   
234.0 0.9251848128793786   
234.0 0.9251848128793786   
      
234.75 0.8764524763062632   
234.75 0.8764524763062632   
234.75 0.8764524763062632   
234.75 0.8764524763062632   
234.75 0.8764524763062632   
      
235.5 0.8234965956999226   
235.5 0.8234965956999226   
235.5 0.8234965956999226   
235.5 0.8234965956999226   
235.5 0.8234965956999226   
      
236.25 0.7796615322203387   
236.25 0.7796615322203387   
236.25 0.7796615322203387   
236.25 0.7796615322203387   
236.25 0.7796615322203387   
      
237.0 0.7558208746225998   
237.0 0.7558208746225998   
237.0 0.7558208746225998   
237.0 0.7558208746225998   
237.0 0.7558208746225998   
      
237.75 0.7571845219528147   
237.75 0.7571845219528147   
237.75 0.7571845219528147   
237.75 0.7571845219528147   
237.75 0.7571845219528147   
      
238.5 0.7824839379595052   
238.5 0.7824839379595052   
238.5 0.7824839379595052   
238.5 0.7824839379595052   
238.5 0.7824839379595052   
      
239.25 0.8250551706243406   
239.25 0.8250551706243406   
239.25 0.8250551706243406   
239.25 0.8250551706243406   
239.25 0.8250551706243406   
      
240.0 0.8744451344457252   
240.0 0.8744451344457252   
240.0 0.8744451344457252   
240.0 0.8744451344457252   
240.0 0.8744451344457252   
      
240.75 0.918543198366037   
240.75 0.918543198366037   
240.75 0.918543198366037   
240.75 0.918543198366037   
240.75 0.918543198366037   
      
241.5 0.9466527549257502   
241.5 0.9466527549257502   
241.5 0.9466527549257502   
241.5 0.9466527549257502   
241.5 0.9466527549257502   
      
242.25 0.9525713045871088   
242.25 0.9525713045871088   
242.25 0.9525713045871088   
242.25 0.9525713045871088   
242.25 0.9525713045871088   
      
243.0 0.9359473056480465   
243.0 0.9359473056480465   
243.0 0.9359473056480465   
243.0 0.9359473056480465   
243.0 0.9359473056480465   
      
243.75 0.9017184093367634   
243.75 0.9017184093367634   
243.75 0.9017184093367634   
243.75 0.9017184093367634   
243.75 0.9017184093367634   
      
244.5 0.858720006609267   
244.5 0.858720006609267   
244.5 0.858720006609267   
244.5 0.858720006609267   
244.5 0.858720006609267   
      
245.25 0.8178178683893835   
245.25 0.8178178683893835   
245.25 0.8178178683893835   
245.25 0.8178178683893835   
245.25 0.8178178683893835   
      
246.0 0.7892868881574089   
246.0 0.7892868881574089   
246.0 0.7892868881574089   
246.0 0.7892868881574089   
246.0 0.7892868881574089   
      
246.75 0.7799531899212904   
246.75 0.7799531899212904   
246.75 0.7799531899212904   
246.75 0.7799531899212904   
246.75 0.7799531899212904   
      
247.5 0.7915110767207216   
247.5 0.7915110767207216   
247.5 0.7915110767207216   
247.5 0.7915110767207216   
247.5 0.7915110767207216   
      
248.25 0.8205991353031554   
248.25 0.8205991353031554   
248.25 0.8205991353031554   
248.25 0.8205991353031554   
248.25 0.8205991353031554   
      
249.0 0.8599157059454435   
249.0 0.8599157059454435   
249.0 0.8599157059454435   
249.0 0.8599157059454435   
249.0 0.8599157059454435   
      
249.75 0.8998453944149367   
249.75 0.8998453944149367   
249.75 0.8998453944149367   
249.75 0.8998453944149367   
249.75 0.8998453944149367   
      
250.5 0.9307023020755388   
250.5 0.9307023020755388   
250.5 0.9307023020755388   
250.5 0.9307023020755388   
250.5 0.9307023020755388   
      
251.25 0.9453218110662482   
251.25 0.9453218110662482   
251.25 0.9453218110662482   
251.25 0.9453218110662482   
251.25 0.9453218110662482   
      
252.0 0.9409191266453133   
252.0 0.9409191266453133   
252.0 0.9409191266453133   
252.0 0.9409191266453133   
252.0 0.9409191266453133   
      
252.75 0.9194412882232509   
252.75 0.9194412882232509   
252.75 0.9194412882232509   
252.75 0.9194412882232509   
252.75 0.9194412882232509   
      
253.5 0.8867616920915959   
253.5 0.8867616920915959   
253.5 0.8867616920915959   
253.5 0.8867616920915959   
253.5 0.8867616920915959   
      
254.25 0.8512763416036621   
254.25 0.8512763416036621   
254.25 0.8512763416036621   
254.25 0.8512763416036621   
254.25 0.8512763416036621   
      
255.0 0.8219664849111517   
255.0 0.8219664849111517   
255.0 0.8219664849111517   
255.0 0.8219664849111517   
255.0 0.8219664849111517   
      
255.75 0.8060808479457642   
255.75 0.8060808479457642   
255.75 0.8060808479457642   
255.75 0.8060808479457642   
255.75 0.8060808479457642   
      
256.5 0.8072317032333209   
256.5 0.8072317032333209   
256.5 0.8072317032333209   
256.5 0.8072317032333209   
256.5 0.8072317032333209   
      
257.25 0.8247086409700918   
257.25 0.8247086409700918   
257.25 0.8247086409700918   
257.25 0.8247086409700918   
257.25 0.8247086409700918   
      
258.0 0.8539631797925714   
258.0 0.8539631797925714   
258.0 0.8539631797925714   
258.0 0.8539631797925714   
258.0 0.8539631797925714   
      
258.75 0.887780884531331   
258.75 0.887780884531331   
258.75 0.887780884531331   
258.75 0.887780884531331   
258.75 0.887780884531331   
      
259.5 0.9179543977697514   
259.5 0.9179543977697514   
259.5 0.9179543977697514   
259.5 0.9179543977697514   
259.5 0.9179543977697514   
      
260.25 0.9373405230209972   
260.25 0.9373405230209972   
260.25 0.9373405230209972   
260.25 0.9373405230209972   
260.25 0.9373405230209972   
      
261.0 0.9417295411187263   
261.0 0.9417295411187263   
261.0 0.9417295411187263   
261.0 0.9417295411187263   
261.0 0.9417295411187263   
      
261.75 0.930776175727787   
261.75 0.930776175727787   
261.75 0.930776175727787   
261.75 0.930776175727787   
261.75 0.930776175727787   
      
262.5 0.9078196798931069   
262.5 0.9078196798931069   
262.5 0.9078196798931069   
262.5 0.9078196798931069   
262.5 0.9078196798931069   
      
263.25 0.8789462674660377   
263.25 0.8789462674660377   
263.25 0.8789462674660377   
263.25 0.8789462674660377   
263.25 0.8789462674660377   
      
264.0 0.8515493614865283   
264.0 0.8515493614865283   
264.0 0.8515493614865283   
264.0 0.8515493614865283   
264.0 0.8515493614865283   
      
264.75 0.8325136630727722   
264.75 0.8325136630727722   
264.75 0.8325136630727722   
264.75 0.8325136630727722   
264.75 0.8325136630727722   
      
265.5 0.8264359504809212   
265.5 0.8264359504809212   
265.5 0.8264359504809212   
265.5 0.8264359504809212   
265.5 0.8264359504809212   
      
266.25 0.8345354961180301   
266.25 0.8345354961180301   
266.25 0.8345354961180301   
266.25 0.8345354961180301   
266.25 0.8345354961180301   
      
267.0 0.8545618328085094   
267.0 0.8545618328085094   
267.0 0.8545618328085094   
267.0 0.8545618328085094   
267.0 0.8545618328085094   
      
267.75 0.8814950888007065   
267.75 0.8814950888007065   
267.75 0.8814950888007065   
267.75 0.8814950888007065   
267.75 0.8814950888007065   
      
268.5 0.9087695594034193   
268.5 0.9087695594034193   
268.5 0.9087695594034193   
268.5 0.9087695594034193   
268.5 0.9087695594034193   
      
269.25 0.9298701068395401   
269.25 0.9298701068395401   
269.25 0.9298701068395401   
269.25 0.9298701068395401   
269.25 0.9298701068395401   
      
270.0 0.9399918827378321   
270.0 0.9399918827378321   
270.0 0.9399918827378321   
270.0 0.9399918827378321   
270.0 0.9399918827378321   
      
270.75 0.937217281210908   
270.75 0.937217281210908   
270.75 0.937217281210908   
270.75 0.937217281210908   
270.75 0.937217281210908   
      
271.5 0.9228353481053503   
271.5 0.9228353481053503   
271.5 0.9228353481053503   
271.5 0.9228353481053503   
271.5 0.9228353481053503   
      
272.25 0.9008710348996525   
272.25 0.9008710348996525   
272.25 0.9008710348996525   
272.25 0.9008710348996525   
272.25 0.9008710348996525   
      
273.0 0.8770664808596617   
273.0 0.8770664808596617   
273.0 0.8770664808596617   
273.0 0.8770664808596617   
273.0 0.8770664808596617   
      
273.75 0.857486267574842   
273.75 0.857486267574842   
273.75 0.857486267574842   
273.75 0.857486267574842   
273.75 0.857486267574842   
      
274.5 0.8469928886415101   
274.5 0.8469928886415101   
274.5 0.8469928886415101   
274.5 0.8469928886415101   
274.5 0.8469928886415101   
      
275.25 0.8480389751608457   
275.25 0.8480389751608457   
275.25 0.8480389751608457   
275.25 0.8480389751608457   
275.25 0.8480389751608457   
      
276.0 0.8601686985744493   
276.0 0.8601686985744493   
276.0 0.8601686985744493   
276.0 0.8601686985744493   
276.0 0.8601686985744493   
      
276.75 0.8802737786696904   
276.75 0.8802737786696904   
276.75 0.8802737786696904   
276.75 0.8802737786696904   
276.75 0.8802737786696904   
      
277.5 0.9034161051487066   
277.5 0.9034161051487066   
277.5 0.9034161051487066   
277.5 0.9034161051487066   
277.5 0.9034161051487066   
      
278.25 0.9240361450275671   
278.25 0.9240361450275671   
278.25 0.9240361450275671   
278.25 0.9240361450275671   
278.25 0.9240361450275671   
      
279.0 0.9373370382751897   
279.0 0.9373370382751897   
279.0 0.9373370382751897   
279.0 0.9373370382751897   
279.0 0.9373370382751897   
      
279.75 0.9404808851186606   
279.75 0.9404808851186606   
279.75 0.9404808851186606   
279.75 0.9404808851186606   
279.75 0.9404808851186606   
      
280.5 0.9332187239886113   
280.5 0.9332187239886113   
280.5 0.9332187239886113   
280.5 0.9332187239886113   
280.5 0.9332187239886113   
      
281.25 0.9178267688327656   
281.25 0.9178267688327656   
281.25 0.9178267688327656   
281.25 0.9178267688327656   
281.25 0.9178267688327656   
      
282.0 0.8984707317276662   
282.0 0.8984707317276662   
282.0 0.8984707317276662   
282.0 0.8984707317276662   
282.0 0.8984707317276662   
      
282.75 0.8801720203377835   
282.75 0.8801720203377835   
282.75 0.8801720203377835   
282.75 0.8801720203377835   
282.75 0.8801720203377835   
      
283.5 0.8675642865275369   
283.5 0.8675642865275369   
283.5 0.8675642865275369   
283.5 0.8675642865275369   
283.5 0.8675642865275369   
      
284.25 0.8637386462109897   
284.25 0.8637386462109897   
284.25 0.8637386462109897   
284.25 0.8637386462109897   
284.25 0.8637386462109897   
      
285.0 0.869525296512961   
285.0 0.869525296512961   
285.0 0.869525296512961   
285.0 0.869525296512961   
285.0 0.869525296512961   
      
285.75 0.8833919306220488   
285.75 0.8833919306220488   
285.75 0.8833919306220488   
285.75 0.8833919306220488   
285.75 0.8833919306220488   
      
286.5 0.9019039582255388   
286.5 0.9019039582255388   
286.5 0.9019039582255388   
286.5 0.9019039582255388   
286.5 0.9019039582255388   
      
287.25 0.9205938905012057   
287.25 0.9205938905012057   
287.25 0.9205938905012057   
287.25 0.9205938905012057   
287.25 0.9205938905012057   
      
288.0 0.935067001381608   
288.0 0.935067001381608   
288.0 0.935067001381608   
288.0 0.935067001381608   
288.0 0.935067001381608   
      
288.75 0.9420940589495758   
288.75 0.9420940589495758   
288.75 0.9420940589495758   
288.75 0.9420940589495758   
288.75 0.9420940589495758   
      
289.5 0.9403809388120157   
289.5 0.9403809388120157   
289.5 0.9403809388120157   
289.5 0.9403809388120157   
289.5 0.9403809388120157   
      
290.25 0.9308063324768808   
290.25 0.9308063324768808   
290.25 0.9308063324768808   
290.25 0.9308063324768808   
290.25 0.9308063324768808   
      
291.0 0.9161228436494392   
291.0 0.9161228436494392   
291.0 0.9161228436494392   
291.0 0.9161228436494392   
291.0 0.9161228436494392   
      
291.75 0.9002427523540587   
291.75 0.9002427523540587   
291.75 0.9002427523540587   
291.75 0.9002427523540587   
291.75 0.9002427523540587   
      
292.5 0.8872659382844675   
292.5 0.8872659382844675   
292.5 0.8872659382844675   
292.5 0.8872659382844675   
292.5 0.8872659382844675   
      
293.25 0.8804624210908693   
293.25 0.8804624210908693   
293.25 0.8804624210908693   
293.25 0.8804624210908693   
293.25 0.8804624210908693   
      
294.0 0.8814819484718749   
294.0 0.8814819484718749   
294.0 0.8814819484718749   
294.0 0.8814819484718749   
294.0 0.8814819484718749   
      
294.75 0.8900093987657192   
294.75 0.8900093987657192   
294.75 0.8900093987657192   
294.75 0.8900093987657192   
294.75 0.8900093987657192   
      
295.5 0.9039191582457977   
295.5 0.9039191582457977   
295.5 0.9039191582457977   
295.5 0.9039191582457977   
295.5 0.9039191582457977   
      
296.25 0.9198438143220808   
296.25 0.9198438143220808   
296.25 0.9198438143220808   
296.25 0.9198438143220808   
296.25 0.9198438143220808   
      
297.0 0.9340176072398907   
297.0 0.9340176072398907   
297.0 0.9340176072398907   
297.0 0.9340176072398907   
297.0 0.9340176072398907   
      
297.75 0.9432105219011153   
297.75 0.9432105219011153   
297.75 0.9432105219011153   
297.75 0.9432105219011153   
297.75 0.9432105219011153   
      
298.5 0.9455153195720019   
298.5 0.9455153195720019   
298.5 0.9455153195720019   
298.5 0.9455153195720019   
298.5 0.9455153195720019   
      
299.25 0.9407714224839789   
299.25 0.9407714224839789   
299.25 0.9407714224839789   
299.25 0.9407714224839789   
299.25 0.9407714224839789   
      
300.0 0.9305365171781308   
300.0 0.9305365171781308   
300.0 0.9305365171781308   
300.0 0.9305365171781308   
300.0 0.9305365171781308   
      
300.75 0.9176530063070273   
300.75 0.9176530063070273   
300.75 0.9176530063070273   
300.75 0.9176530063070273   
300.75 0.9176530063070273   
      
301.5 0.905527645240777   
301.5 0.905527645240777   
301.5 0.905527645240777   
301.5 0.905527645240777   
301.5 0.905527645240777   
      
302.25 0.897285157116862   
302.25 0.897285157116862   
302.25 0.897285157116862   
302.25 0.897285157116862   
302.25 0.897285157116862   
      
303.0 0.8950031004413936   
303.0 0.8950031004413936   
303.0 0.8950031004413936   
303.0 0.8950031004413936   
303.0 0.8950031004413936   
      
303.75 0.8992336308304606   
303.75 0.8992336308304606   
303.75 0.8992336308304606   
303.75 0.8992336308304606   
303.75 0.8992336308304606   
      
304.5 0.9089254270272689   
304.5 0.9089254270272689   
304.5 0.9089254270272689   
304.5 0.9089254270272689   
304.5 0.9089254270272689   
      
305.25 0.9217336176950528   
305.25 0.9217336176950528   
305.25 0.9217336176950528   
305.25 0.9217336176950528   
305.25 0.9217336176950528   
      
306.0 0.9346231815368069   
306.0 0.9346231815368069   
306.0 0.9346231815368069   
306.0 0.9346231815368069   
306.0 0.9346231815368069   
      
306.75 0.9446258707104642   
306.75 0.9446258707104642   
306.75 0.9446258707104642   
306.75 0.9446258707104642   
306.75 0.9446258707104642   
      
307.5 0.9495696367973081   
307.5 0.9495696367973081   
307.5 0.9495696367973081   
307.5 0.9495696367973081   
307.5 0.9495696367973081   
      
308.25 0.9485895409884201   
308.25 0.9485895409884201   
308.25 0.9485895409884201   
308.25 0.9485895409884201   
308.25 0.9485895409884201   
      
309.0 0.9422928343218803   
309.0 0.9422928343218803   
309.0 0.9422928343218803   
309.0 0.9422928343218803   
309.0 0.9422928343218803   
      
309.75 0.932560132390096   
309.75 0.932560132390096   
309.75 0.932560132390096   
309.75 0.932560132390096   
309.75 0.932560132390096   
      
310.5 0.9220521494490225   
310.5 0.9220521494490225   
310.5 0.9220521494490225   
310.5 0.9220521494490225   
310.5 0.9220521494490225   
      
311.25 0.9135420400029852   
311.25 0.9135420400029852   
311.25 0.9135420400029852   
311.25 0.9135420400029852   
311.25 0.9135420400029852   
      
312.0 0.9092315893829676   
312.0 0.9092315893829676   
312.0 0.9092315893829676   
312.0 0.9092315893829676   
312.0 0.9092315893829676   
      
312.75 0.9102259171833709   
312.75 0.9102259171833709   
312.75 0.9102259171833709   
312.75 0.9102259171833709   
312.75 0.9102259171833709   
      
313.5 0.9163000880410357   
313.5 0.9163000880410357   
313.5 0.9163000880410357   
313.5 0.9163000880410357   
313.5 0.9163000880410357   
      
314.25 0.9260001198782815   
314.25 0.9260001198782815   
314.25 0.9260001198782815   
314.25 0.9260001198782815   
314.25 0.9260001198782815   
      
315.0 0.9370337062334902   
315.0 0.9370337062334902   
315.0 0.9370337062334902   
315.0 0.9370337062334902   
315.0 0.9370337062334902   
      
315.75 0.9468502725100509   
315.75 0.9468502725100509   
315.75 0.9468502725100509   
315.75 0.9468502725100509   
315.75 0.9468502725100509   
      
316.5 0.9532723472273398   
316.5 0.9532723472273398   
316.5 0.9532723472273398   
316.5 0.9532723472273398   
316.5 0.9532723472273398   
      
317.25 0.9550202343762845   
317.25 0.9550202343762845   
317.25 0.9550202343762845   
317.25 0.9550202343762845   
317.25 0.9550202343762845   
      
318.0 0.9519963915952617   
318.0 0.9519963915952617   
318.0 0.9519963915952617   
318.0 0.9519963915952617   
318.0 0.9519963915952617   
      
318.75 0.9452686195441586   
318.75 0.9452686195441586   
318.75 0.9452686195441586   
318.75 0.9452686195441586   
318.75 0.9452686195441586   
      
319.5 0.9367735702772008   
319.5 0.9367735702772008   
319.5 0.9367735702772008   
319.5 0.9367735702772008   
319.5 0.9367735702772008   
      
320.25 0.9288214250593274   
320.25 0.9288214250593274   
320.25 0.9288214250593274   
320.25 0.9288214250593274   
320.25 0.9288214250593274   
      
321.0 0.9235212931763183   
321.0 0.9235212931763183   
321.0 0.9235212931763183   
321.0 0.9235212931763183   
321.0 0.9235212931763183   
      
321.75 0.9222691546837085   
321.75 0.9222691546837085   
321.75 0.9222691546837085   
321.75 0.9222691546837085   
321.75 0.9222691546837085   
      
322.5 0.9254280728943993   
322.5 0.9254280728943993   
322.5 0.9254280728943993   
322.5 0.9254280728943993   
322.5 0.9254280728943993   
      
323.25 0.9322743674755052   
323.25 0.9322743674755052   
323.25 0.9322743674755052   
323.25 0.9322743674755052   
323.25 0.9322743674755052   
      
324.0 0.941208815417577   
324.0 0.941208815417577   
324.0 0.941208815417577   
324.0 0.941208815417577   
324.0 0.941208815417577   
      
324.75 0.9501711191876001   
324.75 0.9501711191876001   
324.75 0.9501711191876001   
324.75 0.9501711191876001   
324.75 0.9501711191876001   
      
325.5 0.9571553778685132   
325.5 0.9571553778685132   
325.5 0.9571553778685132   
325.5 0.9571553778685132   
325.5 0.9571553778685132   
      
326.25 0.9607001903089626   
326.25 0.9607001903089626   
326.25 0.9607001903089626   
326.25 0.9607001903089626   
326.25 0.9607001903089626   
      
327.0 0.9602301986979127   
327.0 0.9602301986979127   
327.0 0.9602301986979127   
327.0 0.9602301986979127   
327.0 0.9602301986979127   
      
327.75 0.9561674579591216   
327.75 0.9561674579591216   
327.75 0.9561674579591216   
327.75 0.9561674579591216   
327.75 0.9561674579591216   
      
328.5 0.9497961654955319   
328.5 0.9497961654955319   
328.5 0.9497961654955319   
328.5 0.9497961654955319   
328.5 0.9497961654955319   
      
329.25 0.9429243156113253   
329.25 0.9429243156113253   
329.25 0.9429243156113253   
329.25 0.9429243156113253   
329.25 0.9429243156113253   
      
330.0 0.9374281120129814   
330.0 0.9374281120129814   
330.0 0.9374281120129814   
330.0 0.9374281120129814   
330.0 0.9374281120129814   
      
330.75 0.9347908419754398   
330.75 0.9347908419754398   
330.75 0.9347908419754398   
330.75 0.9347908419754398   
330.75 0.9347908419754398   
      
331.5 0.9357512494354564   
331.5 0.9357512494354564   
331.5 0.9357512494354564   
331.5 0.9357512494354564   
331.5 0.9357512494354564   
      
332.25 0.9401469466137236   
332.25 0.9401469466137236   
332.25 0.9401469466137236   
332.25 0.9401469466137236   
332.25 0.9401469466137236   
      
333.0 0.9469833287492774   
333.0 0.9469833287492774   
333.0 0.9469833287492774   
333.0 0.9469833287492774   
333.0 0.9469833287492774   
      
333.75 0.9547012430863157   
333.75 0.9547012430863157   
333.75 0.9547012430863157   
333.75 0.9547012430863157   
333.75 0.9547012430863157   
      
334.5 0.9615732437358903   
334.5 0.9615732437358903   
334.5 0.9615732437358903   
334.5 0.9615732437358903   
334.5 0.9615732437358903   
      
335.25 0.9661306742279971   
335.25 0.9661306742279971   
335.25 0.9661306742279971   
335.25 0.9661306742279971   
335.25 0.9661306742279971   
      
336.0 0.9675156134082863   
336.0 0.9675156134082863   
336.0 0.9675156134082863   
336.0 0.9675156134082863   
336.0 0.9675156134082863   
      
336.75 0.9656713678676354   
336.75 0.9656713678676354   
336.75 0.9656713678676354   
336.75 0.9656713678676354   
336.75 0.9656713678676354   
      
337.5 0.9613303767604195   
337.5 0.9613303767604195   
337.5 0.9613303767604195   
337.5 0.9613303767604195   
337.5 0.9613303767604195   
      
338.25 0.9558112287820396   
338.25 0.9558112287820396   
338.25 0.9558112287820396   
338.25 0.9558112287820396   
338.25 0.9558112287820396   
      
339.0 0.9506801149027614   
339.0 0.9506801149027614   
339.0 0.9506801149027614   
339.0 0.9506801149027614   
339.0 0.9506801149027614   
      
339.75 0.9473611834961569   
339.75 0.9473611834961569   
339.75 0.9473611834961569   
339.75 0.9473611834961569   
339.75 0.9473611834961569   
      
340.5 0.9467922411060657   
340.5 0.9467922411060657   
340.5 0.9467922411060657   
340.5 0.9467922411060657   
340.5 0.9467922411060657   
      
341.25 0.949210516625108   
341.25 0.949210516625108   
341.25 0.949210516625108   
341.25 0.949210516625108   
341.25 0.949210516625108   
      
342.0 0.9541172252093914   
342.0 0.9541172252093914   
342.0 0.9541172252093914   
342.0 0.9541172252093914   
342.0 0.9541172252093914   
      
342.75 0.9604222486862923   
342.75 0.9604222486862923   
342.75 0.9604222486862923   
342.75 0.9604222486862923   
342.75 0.9604222486862923   
      
343.5 0.9667274793395655   
343.5 0.9667274793395655   
343.5 0.9667274793395655   
343.5 0.9667274793395655   
343.5 0.9667274793395655   
      
344.25 0.9716770299004488   
344.25 0.9716770299004488   
344.25 0.9716770299004488   
344.25 0.9716770299004488   
344.25 0.9716770299004488   
      
345.0 0.9742875468024618   
345.0 0.9742875468024618   
345.0 0.9742875468024618   
345.0 0.9742875468024618   
345.0 0.9742875468024618   
      
345.75 0.9741772521011852   
345.75 0.9741772521011852   
345.75 0.9741772521011852   
345.75 0.9741772521011852   
345.75 0.9741772521011852   
      
346.5 0.9716400721943631   
346.5 0.9716400721943631   
346.5 0.9716400721943631   
346.5 0.9716400721943631   
346.5 0.9716400721943631   
      
347.25 0.9675526660775875   
347.25 0.9675526660775875   
347.25 0.9675526660775875   
347.25 0.9675526660775875   
347.25 0.9675526660775875   
      
348.0 0.9631430782709489   
348.0 0.9631430782709489   
348.0 0.9631430782709489   
348.0 0.9631430782709489   
348.0 0.9631430782709489   
      
348.75 0.9596807806441982   
348.75 0.9596807806441982   
348.75 0.9596807806441982   
348.75 0.9596807806441982   
348.75 0.9596807806441982   
      
349.5 0.9581652187809453   
349.5 0.9581652187809453   
349.5 0.9581652187809453   
349.5 0.9581652187809453   
349.5 0.9581652187809453   
      
