#27-13-\
#0.001-350.0-\
#0.1-1-\
#0.001)     
0.0 1.0   
0.0 2.0   
0.0 3.0   
0.0 4.0   
0.0 0.02025000000000001   
      
0.75 1.006646350131658   
0.75 2.00189405739389   
0.75 2.9986427670401157   
0.75 3.998404149762201   
0.75 0.029186609484894693   
      
1.5 1.0137495841261595   
1.5 2.004545946376987   
1.5 2.997486050041323   
1.5 3.9960547211262316   
1.5 0.03828312249705662   
      
2.25 1.0214776397515566   
2.25 2.0076666298736097   
2.25 2.996305278902106   
2.25 3.9930712094548615   
2.25 0.04802379750795255   
      
3.0 1.029976019483898   
3.0 2.011193272778196   
3.0 2.994964390764306   
3.0 3.9893870653503547   
3.0 0.05867488229319391   
      
3.75 1.0393926516430196   
3.75 2.015121518544212   
3.75 2.9933575925377327   
3.75 3.98488519877885   
3.75 0.0704663575821549   
      
4.5 1.0498885575686467   
4.5 2.01947228364723   
4.5 2.9913877496890624   
4.5 3.9794186717631543   
4.5 0.08363401073301299   
      
5.25 1.0616442139305846   
5.25 2.024282671955389   
5.25 2.9889571419607117   
5.25 3.972812103310207   
5.25 0.09843656745529253   
      
6.0 1.074864812426864   
6.0 2.029603166264304   
6.0 2.9859620167287884   
6.0 3.9648581310905415   
6.0 0.11516691696651943   
      
6.75 1.0897853063327003   
6.75 2.035496807910553   
6.75 2.9822885128831764   
6.75 3.9553121024131745   
6.75 0.13416218955894543   
      
7.5 1.1066754895138802   
7.5 2.0420391589758986   
7.5 2.97780921857791   
7.5 3.9438857336278423   
7.5 0.15581414850580072   
      
8.25 1.1258451208504956   
8.25 2.0493186167168   
8.25 2.97238013198712   
8.25 3.930239921997051   
8.25 0.18058048135819676   
      
9.0 1.147648951422398   
9.0 2.0574368414930486   
9.0 2.96583800184306   
9.0 3.913976823777784   
9.0 0.2089972792005691   
      
9.75 1.1724913365790737   
9.75 2.0665090874925274   
9.75 2.957998168861714   
9.75 3.8946314086309965   
9.75 0.24169280383773759   
      
10.5 1.2008298767993877   
10.5 2.0766641936624617   
10.5 2.9486531801435705   
10.5 3.8716629117854295   
10.5 0.27940240745188494   
      
11.25 1.2331771937681668   
11.25 2.0880439246620144   
11.25 2.937572635751941   
11.25 3.8444469595581348   
11.25 0.3229840905342774   
      
12.0 1.2700994706446618   
12.0 2.1008012526680995   
12.0 2.9245049698024626   
12.0 3.812269708124791   
12.0 0.3734335468203089   
      
12.75 1.31220972227278   
12.75 2.115097041444883   
12.75 2.909182183760917   
12.75 3.774326212540205   
12.75 0.4318964781634318   
      
13.5 1.3601528690625555   
13.5 2.1310944388744746   
13.5 2.8913289466498004   
13.5 3.7297265736508827   
13.5 0.4996742108278819   
      
14.25 1.4145785496882406   
14.25 2.1489501184540774   
14.25 2.870677947515339   
14.25 3.6775153663157636   
14.25 0.5782158359708358   
      
15.0 1.4760962806421185   
15.0 2.16880137056141   
15.0 2.8469938829678125   
15.0 3.6167125942334337   
15.0 0.6690857417437137   
      
15.75 1.5452062900428536   
15.75 2.1907480046017898   
15.75 2.8201088626445703   
15.75 3.546387968620524   
15.75 0.7738889850445598   
      
16.5 1.6221987128186992   
16.5 2.2148282188386115   
16.5 2.7899720533909136   
16.5 3.465784248660292   
16.5 0.8941282746180824   
      
17.25 1.707015072212904   
17.25 2.2409882518857214   
17.25 2.756715563078178   
17.25 3.374508198349881   
17.25 1.0309565222404926   
      
18.0 1.7990713154968176   
18.0 2.269047089277848   
18.0 2.7207360586581895   
18.0 3.2728056600080797   
18.0 1.1847826829509063   
      
18.75 1.8970544937376106   
18.75 2.2986602004660717   
18.75 2.682786216200885   
18.75 3.1619228347736255   
18.75 1.3546985845778268   
      
19.5 1.998729264960846   
19.5 2.3292906327343883   
19.5 2.644060436327323   
19.5 3.044517324042419   
19.5 1.5377466093712804   
      
20.25 2.1008269940841395   
20.25 2.360201760792766   
20.25 2.6062445966048386   
20.25 2.925008250892849   
20.25 1.7281800764187687   
      
21.0 2.199131405272651   
21.0 2.3904922337287156   
21.0 2.5714818413974343   
21.0 2.80965022386612   
21.0 1.917096389329655   
      
21.75 2.288894396897176   
21.75 2.4191959978012463   
21.75 2.5421934578733345   
21.75 2.70603463428337   
21.75 2.0930495467913635   
      
22.5 2.3656663081785814   
22.5 2.4454601128251827   
22.5 2.520703424655462   
22.5 2.6217843908344287   
22.5 2.2441665210947113   
      
23.25 2.4264565028414924   
23.25 2.4687782768639024   
23.25 2.5086736790800117   
23.25 2.5625392572157337   
23.25 2.361558299883291   
      
24.0 2.470850896364148   
24.0 2.4891922753445423   
24.0 2.506483182250355   
24.0 2.5298866472906294   
24.0 2.4426440152182045   
      
24.75 2.501423861865382   
24.75 2.507301676922342   
24.75 2.512843727308729   
24.75 2.520352199078932   
24.75 2.4923775801867567   
      
25.5 2.522798707087899   
25.5 2.523928872553384   
25.5 2.5249945962860285   
25.5 2.5264388868985757   
25.5 2.52105920520478   
      
26.25 2.539423539350957   
26.25 2.5394820789416044   
26.25 2.5395372842132846   
26.25 2.5396121072797477   
26.25 2.5393334421490756   
      
27.0 2.553393479765272   
27.0 2.553387908565344   
27.0 2.55338265469579   
27.0 2.553375533812976   
27.0 2.553402054304022   
      
27.75 2.564033233794954   
27.75 2.5640345735594066   
27.75 2.5640358370120904   
27.75 2.564037549444834   
27.75 2.5640311717862803   
      
28.5 2.56918698285483   
28.5 2.569186480203154   
28.5 2.5691860061820555   
28.5 2.569185363712993   
28.5 2.569187756477461   
      
29.25 2.566400616276828   
29.25 2.566400863425049   
29.25 2.5664010964959334   
29.25 2.566401412390799   
29.25 2.5664002358952085   
      
30.0 2.5532819415069175   
30.0 2.5532817967545163   
30.0 2.553281660247079   
30.0 2.5532814752304094   
30.0 2.553282164292873   
      
30.75 2.5277559621155374   
30.75 2.5277560571914615   
30.75 2.5277561468519476   
30.75 2.5277562683741515   
30.75 2.527755815785802   
      
