0.0 1.0063621954907809   
0.0 1.9988876953408783   
0.0 2.9981009333353215   
0.0 4.001074179117372   
0.0 0.011250000000000005   
      
0.75 1.0129804849264457   
0.75 2.000788345401496   
0.75 2.9967449774040396   
0.75 3.999477913255046   
0.75 0.020184600230932638   
      
1.5 1.0200585006734464   
1.5 2.003444589693862   
1.5 2.9955929470629608   
1.5 3.997128208657991   
1.5 0.02928170760254005   
      
2.25 1.0277611522008758   
2.25 2.0065698317834255   
2.25 2.9944179004035867   
2.25 3.9941438216258858   
2.25 0.03902317716411777   
      
3.0 1.0362325007326285   
3.0 2.01010142272787   
3.0 2.9930837597887963   
3.0 3.9904582827405743   
3.0 0.04967533588112678   
      
3.75 1.045619519067106   
3.75 2.014035146521811   
3.75 2.9914848345575558   
3.75 3.9859545109529475   
3.75 0.06146827271483744   
      
4.5 1.0560823881887178   
4.5 2.018392051816085   
4.5 2.989524147704699   
4.5 3.980485535244681   
4.5 0.0746379213847406   
      
5.25 1.067800737714241   
5.25 2.0232093785640948   
5.25 2.987104180086615   
5.25 3.973875908727084   
5.25 0.08944320683025335   
      
6.0 1.0809788453206104   
6.0 2.028537755589657   
6.0 2.9841214244592713   
6.0 3.965918172446129   
6.0 0.10617728985366692   
      
6.75 1.095850639304514   
6.75 2.0344403838449967   
6.75 2.9804623143307203   
6.75 3.9563675454320277   
6.75 0.12517767166239022   
      
7.5 1.1126847367393553   
7.5 2.0409930007661954   
7.5 2.9759997891460697   
7.5 3.944935581331419   
7.5 0.14683662341782358   
      
8.25 1.1317895251939167   
8.25 2.048284195264628   
8.25 2.9705902646865088   
8.25 3.9312829762713353   
8.25 0.1716125300455305   
      
9.0 1.1535181425108023   
9.0 2.0564158339802003   
9.0 2.9640709857320107   
9.0 3.9150116423909815   
9.0 0.20004244262089954   
      
9.75 1.1782730343654746   
9.75 2.0655033868997   
9.75 2.9562578826785377   
9.75 3.8956562584049994   
9.75 0.2327559470851064   
      
10.5 1.206509530935609   
10.5 2.075675907853361   
10.5 2.946944205102246   
10.5 3.872675721073105   
10.5 0.27049022404187173   
      
11.25 1.2387375459069572   
11.25 2.08707535685177   
11.25 2.935900392764248   
11.25 3.8454452779736408   
11.25 0.31410579805145183   
      
12.0 1.2755200224116   
12.0 2.0998548509799333   
12.0 2.9228758881090577   
12.0 3.813250690644339   
12.0 0.364601838855658   
      
12.75 1.31746608535854   
12.75 2.1141752996013343   
12.75 2.9076039099833717   
12.75 3.775286662120161   
12.75 0.4231288077559587   
      
13.5 1.3652159649662103   
13.5 2.1301997228185585   
13.5 2.8898106050381753   
13.5 3.730663107031377   
13.5 0.4909944756980811   
      
14.25 1.4194136153247197   
14.25 2.1480843854805505   
14.25 2.869230461997836   
14.25 3.6784248198257927   
14.25 0.5696564887086099   
      
15.0 1.4806616263497097   
15.0 2.1679657405647745   
15.0 2.845630365549953   
15.0 3.6175928692459385   
15.0 0.6606902031289705   
      
15.75 1.5494517634148706   
15.75 2.1899421427073342   
15.75 2.818845052421395   
15.75 3.5472396319916295   
15.75 0.7657138941095296   
      
16.5 1.6260638857915901   
16.5 2.2140495060797227   
16.5 2.7888267402717593   
16.5 3.466613323754088   
16.5 0.8862444128469361   
      
17.25 1.7104273804551335   
17.25 2.2402307757012228   
17.25 2.7557108247370983   
17.25 3.3753305933880298   
17.25 1.0234460706101187   
      
18.0 1.8019449023994014   
18.0 2.268300609206892   
18.0 2.7198969454294892   
18.0 3.2736532868338184   
18.0 1.177729004126509   
      
18.75 1.8992915587296284   
18.75 2.297909473243446   
18.75 2.682139216945037   
18.75 3.1628501084485174   
18.75 1.3481642592355303   
      
19.5 2.0002273551865795   
19.5 2.328515834035443   
19.5 2.643629703776952   
19.5 3.0456037444932913   
19.5 1.531739481374913   
      
20.25 2.101497309451849   
20.25 2.3593811583873783   
20.25 2.6060447628238155   
20.25 2.9263484210942594   
20.25 1.7226206739159207   
      
21.0 2.1989327605121054   
21.0 2.38960850071986   
21.0 2.571506954700102   
21.0 2.8113204322052554   
21.0 1.9118223963724825   
      
21.75 2.2878813942496072   
21.75 2.418247055575707   
21.75 2.5424041791551586   
21.75 2.708033294696158   
21.75 2.0879009890603886   
      
22.5 2.3640359248736273   
22.5 2.444473388904821   
22.5 2.52101994527502   
22.5 2.623969581435836   
22.5 2.239145723370246   
      
23.25 2.4245592881767903   
23.25 2.4678234089035715   
23.25 2.5089882394425094   
23.25 2.5646199702938772   
23.25 2.3569538838486648   
      
24.0 2.4691284278842955   
24.0 2.488383044360716   
24.0 2.506705848865564   
24.0 2.531526627909881   
24.0 2.438963302791601   
      
24.75 2.500266516160281   
24.75 2.5067771403105628   
24.75 2.512973672406118   
24.75 2.521375315739187   
24.75 2.490059674809073   
      
25.5 2.5223880614312773   
25.5 2.5238082167663114   
25.5 2.5251599529148665   
25.5 2.5269931550277422   
25.5 2.5201614204943774   
      
26.25 2.5396642412431234   
26.25 2.5397894985470577   
26.25 2.5399087203106547   
26.25 2.5400704089845645   
26.25 2.5394678445052685   
      
27.0 2.5539420240714015   
27.0 2.5539362537693844   
27.0 2.553930761426543   
27.0 2.5539233125784055   
27.0 2.5539510714099336   
      
27.75 2.5642798372114495   
27.75 2.564280859412578   
27.75 2.564281832373226   
27.75 2.564283151925369   
27.75 2.5642782344869275   
      
28.5 2.5681837826713765   
28.5 2.5681834791849627   
28.5 2.5681831903177823   
28.5 2.5681827985492793   
28.5 2.5681842585122454   
      
29.25 2.5630364787314717   
29.25 2.563036599638033   
29.25 2.563036714720406   
29.25 2.563036870797839   
29.25 2.563036289160268   
      
30.0 2.5468076158387656   
30.0 2.5468075580795113   
30.0 2.546807503102576   
30.0 2.546807428541557   
30.0 2.546807706400364   
      
30.75 2.518344674012624   
30.75 2.5183447049072263   
30.75 2.518344734313606   
30.75 2.5183447741952327   
30.75 2.518344625572515   
      
31.5 2.4774836425154096   
31.5 2.4774836247938405   
31.5 2.477483607925936   
31.5 2.477483585049285   
31.5 2.477483670301324   
      
32.25 2.4250809660572803   
32.25 2.4250809766923456   
32.25 2.42508098681511   
32.25 2.425081000543843   
32.25 2.4250809493824015   
      
33.0 2.3630992415130705   
33.0 2.363099234904145   
33.0 2.363099228613578   
33.0 2.363099220082161   
33.0 2.363099251875304   
      
33.75 2.2947300593891153   
33.75 2.294730063643198   
33.75 2.2947300676923588   
33.75 2.294730073183927   
33.75 2.294730052719074   
      
34.5 2.2244651520123524   
34.5 2.224465149158039   
34.5 2.2244651464412204   
34.5 2.224465142756606   
34.5 2.224465156487674   
      
35.25 2.1580569881021257   
35.25 2.1580569901139732   
35.25 2.158056992028908   
35.25 2.1580569946259898   
35.25 2.1580569849477187   
      
36.0 2.102277527864316   
36.0 2.1022775263656377   
36.0 2.102277524939152   
36.0 2.1022775230045174   
36.0 2.1022775302141183   
      
36.75 2.064158886149572   
36.75 2.064158887332453   
36.75 2.064158888458353   
36.75 2.064158889985327   
36.75 2.064158884294912   
      
37.5 2.04953640421953   
37.5 2.0495364032323136   
37.5 2.0495364022926523   
37.5 2.0495364010182606   
37.5 2.0495364057674035   
      
38.25 2.0615629247370606   
38.25 2.0615629256020993   
38.25 2.0615629264254687   
38.25 2.061562927542141   
38.25 2.0615629233807518   
      
39.0 2.100207571696316   
39.0 2.100207570909852   
39.0 2.1002075701612717   
39.0 2.1002075691460296   
39.0 2.1002075729294267   
      
39.75 2.162808790994237   
39.75 2.162808791724795   
39.75 2.1628087924201624   
39.75 2.1628087933632356   
39.75 2.1628087898487816   
      
40.5 2.244949909592184   
40.5 2.244949908910917   
40.5 2.2449499082624658   
40.5 2.244949907383022   
40.5 2.2449499106603548   
      
41.25 2.3409776294150793   
41.25 2.3409776300414733   
41.25 2.340977630637694   
41.25 2.3409776314463016   
41.25 2.340977628432946   
      
42.0 2.443863582059813   
42.0 2.443863581500631   
42.0 2.443863580968384   
42.0 2.4438635802465396   
42.0 2.443863582936564   
      
42.75 2.544810094139025   
42.75 2.5448100946193453   
42.75 2.544810095076529   
42.75 2.5448100956965707   
42.75 2.5448100933859243   
      
43.5 2.633816079403422   
43.5 2.6338160790068006   
43.5 2.6338160786292844   
43.5 2.633816078117289   
43.5 2.6338160800252903   
      
44.25 2.7020301945436396   
44.25 2.702030194859531   
44.25 2.702030195160206   
44.25 2.7020301955679873   
44.25 2.7020301940483495   
      
45.0 2.7444332968747798   
45.0 2.7444332966319998   
45.0 2.744433296400915   
45.0 2.744433296087512   
45.0 2.7444332972554375   
      
45.75 2.7603408576455504   
45.75 2.7603408578244646   
45.75 2.760340857994762   
45.75 2.7603408582257214   
45.75 2.7603408573650263   
      
46.5 2.751697999618596   
46.5 2.7516979994935764   
46.5 2.7516979993745774   
46.5 2.751697999213191   
46.5 2.7516979998146174   
      
47.25 2.720982252248565   
47.25 2.720982252330478   
47.25 2.7209822524084477   
47.25 2.720982252514189   
47.25 2.72098225212013   
      
48.0 2.6698239821574288   
48.0 2.669823982107415   
48.0 2.6698239820598086   
48.0 2.6698239819952456   
48.0 2.6698239822358487   
      
48.75 2.598729501420886   
48.75 2.5987295014494554   
48.75 2.5987295014766505   
48.75 2.598729501513531   
48.75 2.5987295013760896   
      
49.5 2.5080346699398186   
49.5 2.508034669924245   
49.5 2.50803466990942   
49.5 2.5080346698893146   
49.5 2.5080346699642395   
      
50.25 2.3997559580419834   
50.25 2.3997559580504024   
50.25 2.3997559580584165   
50.25 2.3997559580692847   
50.25 2.3997559580287824   
      
51.0 2.279066103625721   
51.0 2.279066103620986   
51.0 2.279066103616478   
51.0 2.2790661036103645   
51.0 2.2790661036331463   
      
51.75 2.154253773066057   
51.75 2.1542537730689397   
51.75 2.1542537730716846   
51.75 2.1542537730754066   
51.75 2.1542537730615363   
      
52.5 2.037021043489598   
52.5 2.0370210434876577   
52.5 2.03702104348581   
52.5 2.0370210434833047   
52.5 2.037021043492641   
      
53.25 1.9443538488877121   
53.25 1.944353848889169   
53.25 1.944353848890556   
53.25 1.9443538488924372   
53.25 1.9443538488854273   
      
54.0 1.8944526927686764   
54.0 1.8944526927674556   
54.0 1.8944526927662932   
54.0 1.8944526927647174   
54.0 1.8944526927705903   
      
54.75 1.8957007769401915   
54.75 1.895700776941318   
54.75 1.8957007769423904   
54.75 1.8957007769438445   
54.75 1.8957007769384258   
      
55.5 1.945063954378856   
55.5 1.9450639543777386   
55.5 1.9450639543766755   
55.5 1.9450639543752342   
55.5 1.9450639543806063   
      
56.25 2.0347072763727723   
56.25 2.0347072763739296   
56.25 2.0347072763750322   
56.25 2.0347072763765253   
56.25 2.0347072763709586   
      
57.0 2.155590734152046   
57.0 2.155590734150824   
57.0 2.1555907341496585   
57.0 2.155590734148082   
57.0 2.1555907341539613   
      
57.75 2.300020093421629   
57.75 2.300020093422911   
57.75 2.3000200934241337   
57.75 2.300020093425788   
57.75 2.3000200934196195   
      
58.5 2.462103224617751   
58.5 2.462103224616454   
58.5 2.462103224615218   
58.5 2.4621032246135464   
58.5 2.4621032246197823   
      
59.25 2.635424966084516   
59.25 2.635424966085744   
59.25 2.6354249660869136   
59.25 2.6354249660884963   
59.25 2.6354249660825935   
      
60.0 2.805168663429666   
60.0 2.805168663428584   
60.0 2.805168663427554   
60.0 2.805168663426159   
60.0 2.80516866343136   
      
60.75 2.9460919836749646   
60.75 2.9460919836758785   
60.75 2.9460919836767485   
60.75 2.9460919836779262   
60.75 2.946091983673534   
      
61.5 3.0386876498767013   
61.5 3.038687649875938   
61.5 3.0386876498752122   
61.5 3.0386876498742286   
61.5 3.038687649877896   
      
62.25 3.085923911357795   
62.25 3.08592391135842   
62.25 3.0859239113590142   
62.25 3.0859239113598194   
62.25 3.0859239113568178   
      
63.0 3.1010859123694603   
63.0 3.1010859123689785   
63.0 3.10108591236852   
63.0 3.1010859123678984   
63.0 3.1010859123702144   
      
63.75 3.0972231576455926   
63.75 3.097223157645929   
63.75 3.09722315764625   
63.75 3.0972231576466847   
63.75 3.0972231576450646   
      
64.5 3.08213018566341   
64.5 3.082130185663201   
64.5 3.082130185663002   
64.5 3.082130185662733   
64.5 3.0821301856637375   
      
65.25 3.0563271904636915   
65.25 3.0563271904638056   
65.25 3.0563271904639144   
65.25 3.056327190464061   
65.25 3.056327190463513   
      
66.0 3.0128252565581053   
66.0 3.0128252565580507   
66.0 3.0128252565579983   
66.0 3.012825256557928   
66.0 3.0128252565581906   
      
66.75 2.938967995615107   
66.75 2.9389679956151302   
66.75 2.938967995615152   
66.75 2.938967995615182   
66.75 2.938967995615071   
      
67.5 2.819296940936634   
67.5 2.819296940936625   
67.5 2.8192969409366166   
67.5 2.819296940936606   
67.5 2.8192969409366473   
      
68.25 2.642393902012096   
68.25 2.6423939020120994   
68.25 2.6423939020121017   
68.25 2.6423939020121057   
68.25 2.6423939020120915   
      
69.0 2.4151151638144737   
69.0 2.4151151638144728   
69.0 2.4151151638144714   
69.0 2.4151151638144706   
69.0 2.415115163814476   
      
69.75 2.166653977170568   
69.75 2.166653977170568   
69.75 2.1666539771705686   
69.75 2.166653977170569   
69.75 2.1666539771705673   
      
70.5 1.918064850798575   
70.5 1.918064850798575   
70.5 1.9180648507985747   
70.5 1.9180648507985747   
70.5 1.9180648507985758   
      
71.25 1.709515280230332   
71.25 1.709515280230332   
71.25 1.709515280230332   
71.25 1.709515280230332   
71.25 1.709515280230331   
      
72.0 1.6267074293769148   
72.0 1.6267074293769148   
72.0 1.6267074293769148   
72.0 1.6267074293769148   
72.0 1.6267074293769155   
      
72.75 1.6328487442716624   
72.75 1.6328487442716624   
72.75 1.6328487442716624   
72.75 1.6328487442716624   
72.75 1.6328487442716622   
      
73.5 1.659794511700273   
73.5 1.659794511700273   
73.5 1.659794511700273   
73.5 1.659794511700273   
73.5 1.6597945117002735   
      
74.25 1.6832887190050376   
74.25 1.6832887190050376   
74.25 1.6832887190050376   
74.25 1.6832887190050376   
74.25 1.6832887190050372   
      
75.0 1.6713803827047065   
75.0 1.6713803827047065   
75.0 1.6713803827047065   
75.0 1.6713803827047065   
75.0 1.671380382704707   
      
75.75 1.6138762931752433   
75.75 1.6138762931752433   
75.75 1.6138762931752433   
75.75 1.6138762931752433   
75.75 1.6138762931752426   
      
76.5 1.4871280815537111   
76.5 1.4871280815537111   
76.5 1.4871280815537111   
76.5 1.4871280815537111   
76.5 1.4871280815537111   
      
77.25 1.2730638296350483   
77.25 1.2730638296350483   
77.25 1.2730638296350483   
77.25 1.2730638296350483   
77.25 1.2730638296350483   
      
78.0 0.9359465682690506   
78.0 0.9359465682690506   
78.0 0.9359465682690506   
78.0 0.9359465682690506   
78.0 0.9359465682690506   
      
78.75 0.41364716985722705   
78.75 0.41364716985722705   
78.75 0.41364716985722705   
78.75 0.41364716985722705   
78.75 0.41364716985722705   
      
79.5 26.59636780014638   
79.5 26.59636780014638   
79.5 26.59636780014638   
79.5 26.59636780014638   
79.5 26.59636780014638   
      
80.25 25.59884613768653   
80.25 25.59884613768653   
80.25 25.59884613768653   
80.25 25.59884613768653   
80.25 25.59884613768653   
      
81.0 25.534278003858187   
81.0 25.534278003858187   
81.0 25.534278003858187   
81.0 25.534278003858187   
81.0 25.534278003858187   
      
81.75 25.334580886049704   
81.75 25.334580886049704   
81.75 25.334580886049704   
81.75 25.334580886049704   
81.75 25.334580886049704   
      
82.5 25.365608425225364   
82.5 25.365608425225364   
82.5 25.365608425225364   
82.5 25.365608425225364   
82.5 25.365608425225364   
      
83.25 25.25346676130661   
83.25 25.25346676130661   
83.25 25.25346676130661   
83.25 25.25346676130661   
83.25 25.25346676130661   
      
84.0 25.43426333642316   
84.0 25.43426333642316   
84.0 25.43426333642316   
84.0 25.43426333642316   
84.0 25.43426333642316   
      
84.75 25.515219068988834   
84.75 25.515219068988834   
84.75 25.515219068988834   
84.75 25.515219068988834   
84.75 25.515219068988834   
      
85.5 25.844069230194997   
85.5 25.844069230194997   
85.5 25.844069230194997   
85.5 25.844069230194997   
85.5 25.844069230194997   
      
86.25 26.148966644777044   
86.25 26.148966644777044   
86.25 26.148966644777044   
86.25 26.148966644777044   
86.25 26.148966644777044   
      
87.0 26.606266452464823   
87.0 26.606266452464823   
87.0 26.606266452464823   
87.0 26.606266452464823   
87.0 26.606266452464823   
      
87.75 0.05625740399129242   
87.75 0.05625740399129242   
87.75 0.05625740399129242   
87.75 0.05625740399129242   
87.75 0.05625740399129242   
      
88.5 0.5002638494068083   
88.5 0.5002638494068083   
88.5 0.5002638494068083   
88.5 0.5002638494068083   
88.5 0.5002638494068083   
      
89.25 0.8687703908439431   
89.25 0.8687703908439431   
89.25 0.8687703908439431   
89.25 0.8687703908439431   
89.25 0.8687703908439431   
      
90.0 1.231014764926197   
90.0 1.231014764926197   
90.0 1.231014764926197   
90.0 1.231014764926197   
90.0 1.231014764926197   
      
90.75 1.5449526153949005   
90.75 1.5449526153949005   
90.75 1.5449526153949005   
90.75 1.5449526153949005   
90.75 1.5449526153949005   
      
91.5 1.854827516006174   
91.5 1.854827516006174   
91.5 1.854827516006174   
91.5 1.854827516006174   
91.5 1.854827516006174   
      
92.25 2.084633996009172   
92.25 2.084633996009172   
92.25 2.084633996009172   
92.25 2.084633996009172   
92.25 2.084633996009172   
      
93.0 2.272812005144545   
93.0 2.272812005144545   
93.0 2.272812005144545   
93.0 2.272812005144545   
93.0 2.272812005144545   
      
93.75 2.3642766041664802   
93.75 2.3642766041664802   
93.75 2.3642766041664802   
93.75 2.3642766041664802   
93.75 2.3642766041664802   
      
94.5 2.4122120913903027   
94.5 2.4122120913903027   
94.5 2.4122120913903027   
94.5 2.4122120913903027   
94.5 2.4122120913903027   
      
95.25 2.38269837630731   
95.25 2.38269837630731   
95.25 2.38269837630731   
95.25 2.38269837630731   
95.25 2.38269837630731   
      
96.0 2.3226473347427894   
96.0 2.3226473347427894   
96.0 2.3226473347427894   
96.0 2.3226473347427894   
96.0 2.3226473347427894   
      
96.75 2.198772234552678   
96.75 2.198772234552678   
96.75 2.198772234552678   
96.75 2.198772234552678   
96.75 2.198772234552678   
      
97.5 2.033521967506932   
97.5 2.033521967506932   
97.5 2.033521967506932   
97.5 2.033521967506932   
97.5 2.033521967506932   
      
98.25 1.802305035504778   
98.25 1.802305035504778   
98.25 1.802305035504778   
98.25 1.802305035504778   
98.25 1.802305035504778   
      
99.0 1.5296056418673034   
99.0 1.5296056418673034   
99.0 1.5296056418673034   
99.0 1.5296056418673034   
99.0 1.5296056418673034   
      
99.75 1.2267250231903744   
99.75 1.2267250231903744   
99.75 1.2267250231903744   
99.75 1.2267250231903744   
99.75 1.2267250231903744   
      
100.5 0.9209640846910918   
100.5 0.9209640846910918   
100.5 0.9209640846910918   
100.5 0.9209640846910918   
100.5 0.9209640846910918   
      
101.25 0.6255936336660866   
101.25 0.6255936336660866   
101.25 0.6255936336660866   
101.25 0.6255936336660866   
101.25 0.6255936336660866   
      
102.0 0.3320215517211751   
102.0 0.3320215517211751   
102.0 0.3320215517211751   
102.0 0.3320215517211751   
102.0 0.3320215517211751   
      
102.75 0.03058629012972719   
102.75 0.03058629012972719   
102.75 0.03058629012972719   
102.75 0.03058629012972719   
102.75 0.03058629012972719   
      
103.5 26.790966063731563   
103.5 26.790966063731563   
103.5 26.790966063731563   
103.5 26.790966063731563   
103.5 26.790966063731563   
      
104.25 26.7284685310881   
104.25 26.7284685310881   
104.25 26.7284685310881   
104.25 26.7284685310881   
104.25 26.7284685310881   
      
105.0 26.791242237697517   
105.0 26.791242237697517   
105.0 26.791242237697517   
105.0 26.791242237697517   
105.0 26.791242237697517   
      
105.75 26.898050283756035   
105.75 26.898050283756035   
105.75 26.898050283756035   
105.75 26.898050283756035   
105.75 26.898050283756035   
      
106.5 0.029282108762433978   
106.5 0.029282108762433978   
106.5 0.029282108762433978   
106.5 0.029282108762433978   
106.5 0.029282108762433978   
      
107.25 0.16073814920516527   
107.25 0.16073814920516527   
107.25 0.16073814920516527   
107.25 0.16073814920516527   
107.25 0.16073814920516527   
      
108.0 0.2849927515791777   
108.0 0.2849927515791777   
108.0 0.2849927515791777   
108.0 0.2849927515791777   
108.0 0.2849927515791777   
      
108.75 0.3859565896327433   
108.75 0.3859565896327433   
108.75 0.3859565896327433   
108.75 0.3859565896327433   
108.75 0.3859565896327433   
      
109.5 0.4276423371539292   
109.5 0.4276423371539292   
109.5 0.4276423371539292   
109.5 0.4276423371539292   
109.5 0.4276423371539292   
      
110.25 0.32776451614699265   
110.25 0.32776451614699265   
110.25 0.32776451614699265   
110.25 0.32776451614699265   
110.25 0.32776451614699265   
      
111.0 0.03506342346491498   
111.0 0.03506342346491498   
111.0 0.03506342346491498   
111.0 0.03506342346491498   
111.0 0.03506342346491498   
      
111.75 0.05189614190428399   
111.75 0.05189614190428399   
111.75 0.05189614190428399   
111.75 0.05189614190428399   
111.75 0.05189614190428399   
      
112.5 0.6881929993987697   
112.5 0.6881929993987697   
112.5 0.6881929993987697   
112.5 0.6881929993987697   
112.5 0.6881929993987697   
      
113.25 0.4832530896867796   
113.25 0.4832530896867796   
113.25 0.4832530896867796   
113.25 0.4832530896867796   
113.25 0.4832530896867796   
      
114.0 1.0449858333569373   
114.0 1.0449858333569373   
114.0 1.0449858333569373   
114.0 1.0449858333569373   
114.0 1.0449858333569373   
      
114.75 0.4706325226197712   
114.75 0.4706325226197712   
114.75 0.4706325226197712   
114.75 0.4706325226197712   
114.75 0.4706325226197712   
      
115.5 1.2115755955688408   
115.5 1.2115755955688408   
115.5 1.2115755955688408   
115.5 1.2115755955688408   
115.5 1.2115755955688408   
      
116.25 0.48870448439797776   
116.25 0.48870448439797776   
116.25 0.48870448439797776   
116.25 0.48870448439797776   
116.25 0.48870448439797776   
      
117.0 1.081914406057665   
117.0 1.081914406057665   
117.0 1.081914406057665   
117.0 1.081914406057665   
117.0 1.081914406057665   
      
117.75 0.4682031942439747   
117.75 0.4682031942439747   
117.75 0.4682031942439747   
117.75 0.4682031942439747   
117.75 0.4682031942439747   
      
118.5 0.8075236698008494   
118.5 0.8075236698008494   
118.5 0.8075236698008494   
118.5 0.8075236698008494   
118.5 0.8075236698008494   
      
119.25 0.26732525644316407   
119.25 0.26732525644316407   
119.25 0.26732525644316407   
119.25 0.26732525644316407   
119.25 0.26732525644316407   
      
120.0 0.473679611278371   
120.0 0.473679611278371   
120.0 0.473679611278371   
120.0 0.473679611278371   
120.0 0.473679611278371   
      
120.75 26.968511654009774   
120.75 26.968511654009774   
120.75 26.968511654009774   
120.75 26.968511654009774   
120.75 26.968511654009774   
      
121.5 0.16870194581018794   
121.5 0.16870194581018794   
121.5 0.16870194581018794   
121.5 0.16870194581018794   
121.5 0.16870194581018794   
      
122.25 26.70006644921375   
122.25 26.70006644921375   
122.25 26.70006644921375   
122.25 26.70006644921375   
122.25 26.70006644921375   
      
123.0 26.929749661199867   
123.0 26.929749661199867   
123.0 26.929749661199867   
123.0 26.929749661199867   
123.0 26.929749661199867   
      
123.75 26.540528753961553   
123.75 26.540528753961553   
123.75 26.540528753961553   
123.75 26.540528753961553   
123.75 26.540528753961553   
      
124.5 26.784354182191798   
124.5 26.784354182191798   
124.5 26.784354182191798   
124.5 26.784354182191798   
124.5 26.784354182191798   
      
125.25 26.564327441947952   
125.25 26.564327441947952   
125.25 26.564327441947952   
125.25 26.564327441947952   
125.25 26.564327441947952   
      
126.0 26.774623022830735   
126.0 26.774623022830735   
126.0 26.774623022830735   
126.0 26.774623022830735   
126.0 26.774623022830735   
      
126.75 26.70380407638723   
126.75 26.70380407638723   
126.75 26.70380407638723   
126.75 26.70380407638723   
126.75 26.70380407638723   
      
127.5 26.811343564290873   
127.5 26.811343564290873   
127.5 26.811343564290873   
127.5 26.811343564290873   
127.5 26.811343564290873   
      
128.25 26.794408014868683   
128.25 26.794408014868683   
128.25 26.794408014868683   
128.25 26.794408014868683   
128.25 26.794408014868683   
      
129.0 26.828470644671203   
129.0 26.828470644671203   
129.0 26.828470644671203   
129.0 26.828470644671203   
129.0 26.828470644671203   
      
129.75 26.831952275911114   
129.75 26.831952275911114   
129.75 26.831952275911114   
129.75 26.831952275911114   
129.75 26.831952275911114   
      
130.5 26.84815489574738   
130.5 26.84815489574738   
130.5 26.84815489574738   
130.5 26.84815489574738   
130.5 26.84815489574738   
      
131.25 26.867784698968062   
131.25 26.867784698968062   
131.25 26.867784698968062   
131.25 26.867784698968062   
131.25 26.867784698968062   
      
132.0 26.898097997344383   
132.0 26.898097997344383   
132.0 26.898097997344383   
132.0 26.898097997344383   
132.0 26.898097997344383   
      
132.75 26.938284814260722   
132.75 26.938284814260722   
132.75 26.938284814260722   
132.75 26.938284814260722   
132.75 26.938284814260722   
      
133.5 26.984387852584586   
133.5 26.984387852584586   
133.5 26.984387852584586   
133.5 26.984387852584586   
133.5 26.984387852584586   
      
134.25 0.02731195931157515   
134.25 0.02731195931157515   
134.25 0.02731195931157515   
134.25 0.02731195931157515   
134.25 0.02731195931157515   
      
135.0 0.05495656315136534   
135.0 0.05495656315136534   
135.0 0.05495656315136534   
135.0 0.05495656315136534   
135.0 0.05495656315136534   
      
135.75 0.05496785376166801   
135.75 0.05496785376166801   
135.75 0.05496785376166801   
135.75 0.05496785376166801   
135.75 0.05496785376166801   
      
136.5 0.0163033890412679   
136.5 0.0163033890412679   
136.5 0.0163033890412679   
136.5 0.0163033890412679   
136.5 0.0163033890412679   
      
137.25 26.93269600811317   
137.25 26.93269600811317   
137.25 26.93269600811317   
137.25 26.93269600811317   
137.25 26.93269600811317   
      
138.0 26.80858399931062   
138.0 26.80858399931062   
138.0 26.80858399931062   
138.0 26.80858399931062   
138.0 26.80858399931062   
      
138.75 26.65755554040288   
138.75 26.65755554040288   
138.75 26.65755554040288   
138.75 26.65755554040288   
138.75 26.65755554040288   
      
139.5 26.4941324534158   
139.5 26.4941324534158   
139.5 26.4941324534158   
139.5 26.4941324534158   
139.5 26.4941324534158   
      
140.25 26.331826594043644   
140.25 26.331826594043644   
140.25 26.331826594043644   
140.25 26.331826594043644   
140.25 26.331826594043644   
      
141.0 26.183417929824405   
141.0 26.183417929824405   
141.0 26.183417929824405   
141.0 26.183417929824405   
141.0 26.183417929824405   
      
141.75 26.05816237677002   
141.75 26.05816237677002   
141.75 26.05816237677002   
141.75 26.05816237677002   
141.75 26.05816237677002   
      
142.5 25.957571300514314   
142.5 25.957571300514314   
142.5 25.957571300514314   
142.5 25.957571300514314   
142.5 25.957571300514314   
      
143.25 25.878494208791654   
143.25 25.878494208791654   
143.25 25.878494208791654   
143.25 25.878494208791654   
143.25 25.878494208791654   
      
144.0 25.81698935283202   
144.0 25.81698935283202   
144.0 25.81698935283202   
144.0 25.81698935283202   
144.0 25.81698935283202   
      
144.75 25.773493046525395   
144.75 25.773493046525395   
144.75 25.773493046525395   
144.75 25.773493046525395   
144.75 25.773493046525395   
      
145.5 25.756193620199802   
145.5 25.756193620199802   
145.5 25.756193620199802   
145.5 25.756193620199802   
145.5 25.756193620199802   
      
146.25 25.78442884595497   
146.25 25.78442884595497   
146.25 25.78442884595497   
146.25 25.78442884595497   
146.25 25.78442884595497   
      
147.0 25.875943836535363   
147.0 25.875943836535363   
147.0 25.875943836535363   
147.0 25.875943836535363   
147.0 25.875943836535363   
      
147.75 26.01443119129297   
147.75 26.01443119129297   
147.75 26.01443119129297   
147.75 26.01443119129297   
147.75 26.01443119129297   
      
148.5 26.13698505146328   
148.5 26.13698505146328   
148.5 26.13698505146328   
148.5 26.13698505146328   
148.5 26.13698505146328   
      
149.25 26.220522948151068   
149.25 26.220522948151068   
149.25 26.220522948151068   
149.25 26.220522948151068   
149.25 26.220522948151068   
      
150.0 26.30784917991224   
150.0 26.30784917991224   
150.0 26.30784917991224   
150.0 26.30784917991224   
150.0 26.30784917991224   
      
150.75 26.429361075292874   
150.75 26.429361075292874   
150.75 26.429361075292874   
150.75 26.429361075292874   
150.75 26.429361075292874   
      
151.5 26.549429111428044   
151.5 26.549429111428044   
151.5 26.549429111428044   
151.5 26.549429111428044   
151.5 26.549429111428044   
      
152.25 26.636288102072037   
152.25 26.636288102072037   
152.25 26.636288102072037   
152.25 26.636288102072037   
152.25 26.636288102072037   
      
153.0 26.712888445113386   
153.0 26.712888445113386   
153.0 26.712888445113386   
153.0 26.712888445113386   
153.0 26.712888445113386   
      
153.75 26.78684411203408   
153.75 26.78684411203408   
153.75 26.78684411203408   
153.75 26.78684411203408   
153.75 26.78684411203408   
      
154.5 26.86560902218942   
154.5 26.86560902218942   
154.5 26.86560902218942   
154.5 26.86560902218942   
154.5 26.86560902218942   
      
155.25 26.95798971611369   
155.25 26.95798971611369   
155.25 26.95798971611369   
155.25 26.95798971611369   
155.25 26.95798971611369   
      
156.0 0.0702665013066408   
156.0 0.0702665013066408   
156.0 0.0702665013066408   
156.0 0.0702665013066408   
156.0 0.0702665013066408   
      
156.75 0.19846599164253023   
156.75 0.19846599164253023   
156.75 0.19846599164253023   
156.75 0.19846599164253023   
156.75 0.19846599164253023   
      
157.5 0.3299592902898134   
157.5 0.3299592902898134   
157.5 0.3299592902898134   
157.5 0.3299592902898134   
157.5 0.3299592902898134   
      
158.25 0.45998045154612366   
158.25 0.45998045154612366   
158.25 0.45998045154612366   
158.25 0.45998045154612366   
158.25 0.45998045154612366   
      
159.0 0.5958230437253967   
159.0 0.5958230437253967   
159.0 0.5958230437253967   
159.0 0.5958230437253967   
159.0 0.5958230437253967   
      
159.75 0.7451314275670381   
159.75 0.7451314275670381   
159.75 0.7451314275670381   
159.75 0.7451314275670381   
159.75 0.7451314275670381   
      
160.5 0.9093710416043097   
160.5 0.9093710416043097   
160.5 0.9093710416043097   
160.5 0.9093710416043097   
160.5 0.9093710416043097   
      
161.25 1.0790854714283997   
161.25 1.0790854714283997   
161.25 1.0790854714283997   
161.25 1.0790854714283997   
161.25 1.0790854714283997   
      
162.0 1.230692300752445   
162.0 1.230692300752445   
162.0 1.230692300752445   
162.0 1.230692300752445   
162.0 1.230692300752445   
      
162.75 1.329217988506598   
162.75 1.329217988506598   
162.75 1.329217988506598   
162.75 1.329217988506598   
162.75 1.329217988506598   
      
163.5 1.3409825930773807   
163.5 1.3409825930773807   
163.5 1.3409825930773807   
163.5 1.3409825930773807   
163.5 1.3409825930773807   
      
164.25 1.2467498699980306   
164.25 1.2467498699980306   
164.25 1.2467498699980306   
164.25 1.2467498699980306   
164.25 1.2467498699980306   
      
165.0 1.0423688308529664   
165.0 1.0423688308529664   
165.0 1.0423688308529664   
165.0 1.0423688308529664   
165.0 1.0423688308529664   
      
165.75 0.7407821479540668   
165.75 0.7407821479540668   
165.75 0.7407821479540668   
165.75 0.7407821479540668   
165.75 0.7407821479540668   
      
166.5 0.37352013018896046   
166.5 0.37352013018896046   
166.5 0.37352013018896046   
166.5 0.37352013018896046   
166.5 0.37352013018896046   
      
167.25 26.96506155276971   
167.25 26.96506155276971   
167.25 26.96506155276971   
167.25 26.96506155276971   
167.25 26.96506155276971   
      
168.0 26.54932889933035   
168.0 26.54932889933035   
168.0 26.54932889933035   
168.0 26.54932889933035   
168.0 26.54932889933035   
      
168.75 26.200385323411187   
168.75 26.200385323411187   
168.75 26.200385323411187   
168.75 26.200385323411187   
168.75 26.200385323411187   
      
169.5 25.922496060313204   
169.5 25.922496060313204   
169.5 25.922496060313204   
169.5 25.922496060313204   
169.5 25.922496060313204   
      
170.25 25.654845318982467   
170.25 25.654845318982467   
170.25 25.654845318982467   
170.25 25.654845318982467   
170.25 25.654845318982467   
      
171.0 25.356847327862123   
171.0 25.356847327862123   
171.0 25.356847327862123   
171.0 25.356847327862123   
171.0 25.356847327862123   
      
171.75 24.984178967865816   
171.75 24.984178967865816   
171.75 24.984178967865816   
171.75 24.984178967865816   
171.75 24.984178967865816   
      
172.5 24.499922004646727   
172.5 24.499922004646727   
172.5 24.499922004646727   
172.5 24.499922004646727   
172.5 24.499922004646727   
      
173.25 23.847770687937103   
173.25 23.847770687937103   
173.25 23.847770687937103   
173.25 23.847770687937103   
173.25 23.847770687937103   
      
174.0 22.96590349310559   
174.0 22.96590349310559   
174.0 22.96590349310559   
174.0 22.96590349310559   
174.0 22.96590349310559   
      
174.75 21.97198672510222   
174.75 21.97198672510222   
174.75 21.97198672510222   
174.75 21.97198672510222   
174.75 21.97198672510222   
      
175.5 21.458510389353105   
175.5 21.458510389353105   
175.5 21.458510389353105   
175.5 21.458510389353105   
175.5 21.458510389353105   
      
176.25 21.114546949171242   
176.25 21.114546949171242   
176.25 21.114546949171242   
176.25 21.114546949171242   
176.25 21.114546949171242   
      
177.0 20.620906167299108   
177.0 20.620906167299108   
177.0 20.620906167299108   
177.0 20.620906167299108   
177.0 20.620906167299108   
      
177.75 20.136359661943743   
177.75 20.136359661943743   
177.75 20.136359661943743   
177.75 20.136359661943743   
177.75 20.136359661943743   
      
178.5 19.638718410370487   
178.5 19.638718410370487   
178.5 19.638718410370487   
178.5 19.638718410370487   
178.5 19.638718410370487   
      
179.25 19.306036613696346   
179.25 19.306036613696346   
179.25 19.306036613696346   
179.25 19.306036613696346   
179.25 19.306036613696346   
      
180.0 19.052850090258243   
180.0 19.052850090258243   
180.0 19.052850090258243   
180.0 19.052850090258243   
180.0 19.052850090258243   
      
180.75 18.882727548571467   
180.75 18.882727548571467   
180.75 18.882727548571467   
180.75 18.882727548571467   
180.75 18.882727548571467   
      
181.5 18.752320049249658   
181.5 18.752320049249658   
181.5 18.752320049249658   
181.5 18.752320049249658   
181.5 18.752320049249658   
      
182.25 18.70161264446436   
182.25 18.70161264446436   
182.25 18.70161264446436   
182.25 18.70161264446436   
182.25 18.70161264446436   
      
183.0 18.698621976834886   
183.0 18.698621976834886   
183.0 18.698621976834886   
183.0 18.698621976834886   
183.0 18.698621976834886   
      
183.75 18.763481267263536   
183.75 18.763481267263536   
183.75 18.763481267263536   
183.75 18.763481267263536   
183.75 18.763481267263536   
      
184.5 18.861962413417537   
184.5 18.861962413417537   
184.5 18.861962413417537   
184.5 18.861962413417537   
184.5 18.861962413417537   
      
185.25 19.00830319282102   
185.25 19.00830319282102   
185.25 19.00830319282102   
185.25 19.00830319282102   
185.25 19.00830319282102   
      
186.0 19.179187034910996   
186.0 19.179187034910996   
186.0 19.179187034910996   
186.0 19.179187034910996   
186.0 19.179187034910996   
      
186.75 19.38361634679271   
186.75 19.38361634679271   
186.75 19.38361634679271   
186.75 19.38361634679271   
186.75 19.38361634679271   
      
187.5 19.608068053846686   
187.5 19.608068053846686   
187.5 19.608068053846686   
187.5 19.608068053846686   
187.5 19.608068053846686   
      
188.25 19.868523938956585   
188.25 19.868523938956585   
188.25 19.868523938956585   
188.25 19.868523938956585   
188.25 19.868523938956585   
      
189.0 20.156917205202028   
189.0 20.156917205202028   
189.0 20.156917205202028   
189.0 20.156917205202028   
189.0 20.156917205202028   
      
189.75 20.450667736574918   
189.75 20.450667736574918   
189.75 20.450667736574918   
189.75 20.450667736574918   
189.75 20.450667736574918   
      
190.5 20.696274646410213   
190.5 20.696274646410213   
190.5 20.696274646410213   
190.5 20.696274646410213   
190.5 20.696274646410213   
      
191.25 20.907933624379083   
191.25 20.907933624379083   
191.25 20.907933624379083   
191.25 20.907933624379083   
191.25 20.907933624379083   
      
192.0 21.11914414588601   
192.0 21.11914414588601   
192.0 21.11914414588601   
192.0 21.11914414588601   
192.0 21.11914414588601   
      
192.75 21.335236020007855   
192.75 21.335236020007855   
192.75 21.335236020007855   
192.75 21.335236020007855   
192.75 21.335236020007855   
      
193.5 21.528465432055075   
193.5 21.528465432055075   
193.5 21.528465432055075   
193.5 21.528465432055075   
193.5 21.528465432055075   
      
194.25 21.65716380332455   
194.25 21.65716380332455   
194.25 21.65716380332455   
194.25 21.65716380332455   
194.25 21.65716380332455   
      
195.0 21.70518851501088   
195.0 21.70518851501088   
195.0 21.70518851501088   
195.0 21.70518851501088   
195.0 21.70518851501088   
      
195.75 21.68511981948697   
195.75 21.68511981948697   
195.75 21.68511981948697   
195.75 21.68511981948697   
195.75 21.68511981948697   
      
196.5 21.61365098679779   
196.5 21.61365098679779   
196.5 21.61365098679779   
196.5 21.61365098679779   
196.5 21.61365098679779   
      
197.25 21.50607697666316   
197.25 21.50607697666316   
197.25 21.50607697666316   
197.25 21.50607697666316   
197.25 21.50607697666316   
      
198.0 21.372864732806807   
198.0 21.372864732806807   
198.0 21.372864732806807   
198.0 21.372864732806807   
198.0 21.372864732806807   
      
198.75 21.22296841280452   
198.75 21.22296841280452   
198.75 21.22296841280452   
198.75 21.22296841280452   
198.75 21.22296841280452   
      
199.5 21.07011373681272   
199.5 21.07011373681272   
199.5 21.07011373681272   
199.5 21.07011373681272   
199.5 21.07011373681272   
      
200.25 20.94279560038326   
200.25 20.94279560038326   
200.25 20.94279560038326   
200.25 20.94279560038326   
200.25 20.94279560038326   
      
201.0 20.85898537867029   
201.0 20.85898537867029   
201.0 20.85898537867029   
201.0 20.85898537867029   
201.0 20.85898537867029   
      
201.75 20.788396646220797   
201.75 20.788396646220797   
201.75 20.788396646220797   
201.75 20.788396646220797   
201.75 20.788396646220797   
      
202.5 20.716718553354113   
202.5 20.716718553354113   
202.5 20.716718553354113   
202.5 20.716718553354113   
202.5 20.716718553354113   
      
203.25 20.663654387534304   
203.25 20.663654387534304   
203.25 20.663654387534304   
203.25 20.663654387534304   
203.25 20.663654387534304   
      
204.0 20.6459171043459   
204.0 20.6459171043459   
204.0 20.6459171043459   
204.0 20.6459171043459   
204.0 20.6459171043459   
      
204.75 20.6721195884479   
204.75 20.6721195884479   
204.75 20.6721195884479   
204.75 20.6721195884479   
204.75 20.6721195884479   
      
205.5 20.74169554636185   
205.5 20.74169554636185   
205.5 20.74169554636185   
205.5 20.74169554636185   
205.5 20.74169554636185   
      
206.25 20.85198962172327   
206.25 20.85198962172327   
206.25 20.85198962172327   
206.25 20.85198962172327   
206.25 20.85198962172327   
      
207.0 21.00486433891919   
207.0 21.00486433891919   
207.0 21.00486433891919   
207.0 21.00486433891919   
207.0 21.00486433891919   
      
207.75 21.206129384291312   
207.75 21.206129384291312   
207.75 21.206129384291312   
207.75 21.206129384291312   
207.75 21.206129384291312   
      
208.5 21.43115755560215   
208.5 21.43115755560215   
208.5 21.43115755560215   
208.5 21.43115755560215   
208.5 21.43115755560215   
      
209.25 21.605812519113154   
209.25 21.605812519113154   
209.25 21.605812519113154   
209.25 21.605812519113154   
209.25 21.605812519113154   
      
210.0 21.752031387419144   
210.0 21.752031387419144   
210.0 21.752031387419144   
210.0 21.752031387419144   
210.0 21.752031387419144   
      
210.75 21.936169575456606   
210.75 21.936169575456606   
210.75 21.936169575456606   
210.75 21.936169575456606   
210.75 21.936169575456606   
      
211.5 22.127455912070655   
211.5 22.127455912070655   
211.5 22.127455912070655   
211.5 22.127455912070655   
211.5 22.127455912070655   
      
212.25 22.25566030295592   
212.25 22.25566030295592   
212.25 22.25566030295592   
212.25 22.25566030295592   
212.25 22.25566030295592   
      
213.0 22.25742125243233   
213.0 22.25742125243233   
213.0 22.25742125243233   
213.0 22.25742125243233   
213.0 22.25742125243233   
      
213.75 22.14471936500992   
213.75 22.14471936500992   
213.75 22.14471936500992   
213.75 22.14471936500992   
213.75 22.14471936500992   
      
214.5 21.925743823964652   
214.5 21.925743823964652   
214.5 21.925743823964652   
214.5 21.925743823964652   
214.5 21.925743823964652   
      
215.25 21.602235114913256   
215.25 21.602235114913256   
215.25 21.602235114913256   
215.25 21.602235114913256   
215.25 21.602235114913256   
      
216.0 21.176607777944835   
216.0 21.176607777944835   
216.0 21.176607777944835   
216.0 21.176607777944835   
216.0 21.176607777944835   
      
216.75 20.679240555434003   
216.75 20.679240555434003   
216.75 20.679240555434003   
216.75 20.679240555434003   
216.75 20.679240555434003   
      
217.5 20.150132500476197   
217.5 20.150132500476197   
217.5 20.150132500476197   
217.5 20.150132500476197   
217.5 20.150132500476197   
      
218.25 19.614244735226492   
218.25 19.614244735226492   
218.25 19.614244735226492   
218.25 19.614244735226492   
218.25 19.614244735226492   
      
219.0 19.155218589798967   
219.0 19.155218589798967   
219.0 19.155218589798967   
219.0 19.155218589798967   
219.0 19.155218589798967   
      
219.75 18.830199105348765   
219.75 18.830199105348765   
219.75 18.830199105348765   
219.75 18.830199105348765   
219.75 18.830199105348765   
      
220.5 18.534445345732234   
220.5 18.534445345732234   
220.5 18.534445345732234   
220.5 18.534445345732234   
220.5 18.534445345732234   
      
221.25 18.222242881213383   
221.25 18.222242881213383   
221.25 18.222242881213383   
221.25 18.222242881213383   
221.25 18.222242881213383   
      
222.0 17.818353771229397   
222.0 17.818353771229397   
222.0 17.818353771229397   
222.0 17.818353771229397   
222.0 17.818353771229397   
      
222.75 17.2577765630072   
222.75 17.2577765630072   
222.75 17.2577765630072   
222.75 17.2577765630072   
222.75 17.2577765630072   
      
223.5 16.407882111759616   
223.5 16.407882111759616   
223.5 16.407882111759616   
223.5 16.407882111759616   
223.5 16.407882111759616   
      
224.25 15.249661666749368   
224.25 15.249661666749368   
224.25 15.249661666749368   
224.25 15.249661666749368   
224.25 15.249661666749368   
      
225.0 14.869734632638954   
225.0 14.869734632638954   
225.0 14.869734632638954   
225.0 14.869734632638954   
225.0 14.869734632638954   
      
225.75 14.83210221865893   
225.75 14.83210221865893   
225.75 14.83210221865893   
225.75 14.83210221865893   
225.75 14.83210221865893   
      
226.5 14.48741348944493   
226.5 14.48741348944493   
226.5 14.48741348944493   
226.5 14.48741348944493   
226.5 14.48741348944493   
      
227.25 14.414234530283535   
227.25 14.414234530283535   
227.25 14.414234530283535   
227.25 14.414234530283535   
227.25 14.414234530283535   
      
228.0 14.072065218075718   
228.0 14.072065218075718   
228.0 14.072065218075718   
228.0 14.072065218075718   
228.0 14.072065218075718   
      
228.75 13.945711424388062   
228.75 13.945711424388062   
228.75 13.945711424388062   
228.75 13.945711424388062   
228.75 13.945711424388062   
      
229.5 13.667797841170604   
229.5 13.667797841170604   
229.5 13.667797841170604   
229.5 13.667797841170604   
229.5 13.667797841170604   
      
230.25 13.539734971565299   
230.25 13.539734971565299   
230.25 13.539734971565299   
230.25 13.539734971565299   
230.25 13.539734971565299   
      
231.0 13.341260133091302   
231.0 13.341260133091302   
231.0 13.341260133091302   
231.0 13.341260133091302   
231.0 13.341260133091302   
      
231.75 13.254699502651478   
231.75 13.254699502651478   
231.75 13.254699502651478   
231.75 13.254699502651478   
231.75 13.254699502651478   
      
232.5 13.155123174866985   
232.5 13.155123174866985   
232.5 13.155123174866985   
232.5 13.155123174866985   
232.5 13.155123174866985   
      
233.25 13.164228533118374   
233.25 13.164228533118374   
233.25 13.164228533118374   
233.25 13.164228533118374   
233.25 13.164228533118374   
      
234.0 13.183203587704497   
234.0 13.183203587704497   
234.0 13.183203587704497   
234.0 13.183203587704497   
234.0 13.183203587704497   
      
234.75 13.288959109722411   
234.75 13.288959109722411   
234.75 13.288959109722411   
234.75 13.288959109722411   
234.75 13.288959109722411   
      
235.5 13.396842545740807   
235.5 13.396842545740807   
235.5 13.396842545740807   
235.5 13.396842545740807   
235.5 13.396842545740807   
      
236.25 13.572277463445399   
236.25 13.572277463445399   
236.25 13.572277463445399   
236.25 13.572277463445399   
236.25 13.572277463445399   
      
237.0 13.74835338516089   
237.0 13.74835338516089   
237.0 13.74835338516089   
237.0 13.74835338516089   
237.0 13.74835338516089   
      
237.75 13.987523976825255   
237.75 13.987523976825255   
237.75 13.987523976825255   
237.75 13.987523976825255   
237.75 13.987523976825255   
      
238.5 14.21946898677333   
238.5 14.21946898677333   
238.5 14.21946898677333   
238.5 14.21946898677333   
238.5 14.21946898677333   
      
239.25 14.445561526330069   
239.25 14.445561526330069   
239.25 14.445561526330069   
239.25 14.445561526330069   
239.25 14.445561526330069   
      
240.0 14.612673881610563   
240.0 14.612673881610563   
240.0 14.612673881610563   
240.0 14.612673881610563   
240.0 14.612673881610563   
      
240.75 14.772227777495326   
240.75 14.772227777495326   
240.75 14.772227777495326   
240.75 14.772227777495326   
240.75 14.772227777495326   
      
241.5 14.923050267094798   
241.5 14.923050267094798   
241.5 14.923050267094798   
241.5 14.923050267094798   
241.5 14.923050267094798   
      
242.25 15.082840783019687   
242.25 15.082840783019687   
242.25 15.082840783019687   
242.25 15.082840783019687   
242.25 15.082840783019687   
      
243.0 15.222388251738804   
243.0 15.222388251738804   
243.0 15.222388251738804   
243.0 15.222388251738804   
243.0 15.222388251738804   
      
243.75 15.317214852796312   
243.75 15.317214852796312   
243.75 15.317214852796312   
243.75 15.317214852796312   
243.75 15.317214852796312   
      
244.5 15.339699140316448   
244.5 15.339699140316448   
244.5 15.339699140316448   
244.5 15.339699140316448   
244.5 15.339699140316448   
      
245.25 15.289749447538894   
245.25 15.289749447538894   
245.25 15.289749447538894   
245.25 15.289749447538894   
245.25 15.289749447538894   
      
246.0 15.170829545076822   
246.0 15.170829545076822   
246.0 15.170829545076822   
246.0 15.170829545076822   
246.0 15.170829545076822   
      
246.75 14.985250879810328   
246.75 14.985250879810328   
246.75 14.985250879810328   
246.75 14.985250879810328   
246.75 14.985250879810328   
      
247.5 14.719188885130325   
247.5 14.719188885130325   
247.5 14.719188885130325   
247.5 14.719188885130325   
247.5 14.719188885130325   
      
248.25 14.350645231814923   
248.25 14.350645231814923   
248.25 14.350645231814923   
248.25 14.350645231814923   
248.25 14.350645231814923   
      
249.0 13.883069711907396   
249.0 13.883069711907396   
249.0 13.883069711907396   
249.0 13.883069711907396   
249.0 13.883069711907396   
      
249.75 13.35285951173227   
249.75 13.35285951173227   
249.75 13.35285951173227   
249.75 13.35285951173227   
249.75 13.35285951173227   
      
250.5 12.728990301819948   
250.5 12.728990301819948   
250.5 12.728990301819948   
250.5 12.728990301819948   
250.5 12.728990301819948   
      
251.25 12.252443940608256   
251.25 12.252443940608256   
251.25 12.252443940608256   
251.25 12.252443940608256   
251.25 12.252443940608256   
      
252.0 11.94660860659702   
252.0 11.94660860659702   
252.0 11.94660860659702   
252.0 11.94660860659702   
252.0 11.94660860659702   
      
252.75 11.302285201086702   
252.75 11.302285201086702   
252.75 11.302285201086702   
252.75 11.302285201086702   
252.75 11.302285201086702   
      
253.5 10.125394386093538   
253.5 10.125394386093538   
253.5 10.125394386093538   
253.5 10.125394386093538   
253.5 10.125394386093538   
      
254.25 9.391871503827746   
254.25 9.391871503827746   
254.25 9.391871503827746   
254.25 9.391871503827746   
254.25 9.391871503827746   
      
255.0 10.159559521996883   
255.0 10.159559521996883   
255.0 10.159559521996883   
255.0 10.159559521996883   
255.0 10.159559521996883   
      
255.75 9.18409847447077   
255.75 9.18409847447077   
255.75 9.18409847447077   
255.75 9.18409847447077   
255.75 9.18409847447077   
      
256.5 10.11207059680999   
256.5 10.11207059680999   
256.5 10.11207059680999   
256.5 10.11207059680999   
256.5 10.11207059680999   
      
257.25 9.330517175636173   
257.25 9.330517175636173   
257.25 9.330517175636173   
257.25 9.330517175636173   
257.25 9.330517175636173   
      
258.0 9.714446025451208   
258.0 9.714446025451208   
258.0 9.714446025451208   
258.0 9.714446025451208   
258.0 9.714446025451208   
      
258.75 9.471880470356574   
258.75 9.471880470356574   
258.75 9.471880470356574   
258.75 9.471880470356574   
258.75 9.471880470356574   
      
259.5 9.380854681100654   
259.5 9.380854681100654   
259.5 9.380854681100654   
259.5 9.380854681100654   
259.5 9.380854681100654   
      
260.25 9.154289673804893   
260.25 9.154289673804893   
260.25 9.154289673804893   
260.25 9.154289673804893   
260.25 9.154289673804893   
      
261.0 8.75472361429336   
261.0 8.75472361429336   
261.0 8.75472361429336   
261.0 8.75472361429336   
261.0 8.75472361429336   
      
261.75 8.306200729468896   
261.75 8.306200729468896   
261.75 8.306200729468896   
261.75 8.306200729468896   
261.75 8.306200729468896   
      
262.5 8.507922268238781   
262.5 8.507922268238781   
262.5 8.507922268238781   
262.5 8.507922268238781   
262.5 8.507922268238781   
      
263.25 9.241128676979564   
263.25 9.241128676979564   
263.25 9.241128676979564   
263.25 9.241128676979564   
263.25 9.241128676979564   
      
264.0 10.005269924227886   
264.0 10.005269924227886   
264.0 10.005269924227886   
264.0 10.005269924227886   
264.0 10.005269924227886   
      
264.75 9.669613924179211   
264.75 9.669613924179211   
264.75 9.669613924179211   
264.75 9.669613924179211   
264.75 9.669613924179211   
      
265.5 10.1228698396949   
265.5 10.1228698396949   
265.5 10.1228698396949   
265.5 10.1228698396949   
265.5 10.1228698396949   
      
266.25 9.437430398791754   
266.25 9.437430398791754   
266.25 9.437430398791754   
266.25 9.437430398791754   
266.25 9.437430398791754   
      
267.0 9.99458800108539   
267.0 9.99458800108539   
267.0 9.99458800108539   
267.0 9.99458800108539   
267.0 9.99458800108539   
      
267.75 9.386879143486496   
267.75 9.386879143486496   
267.75 9.386879143486496   
267.75 9.386879143486496   
267.75 9.386879143486496   
      
268.5 9.463453678100661   
268.5 9.463453678100661   
268.5 9.463453678100661   
268.5 9.463453678100661   
268.5 9.463453678100661   
      
269.25 9.120617932473284   
269.25 9.120617932473284   
269.25 9.120617932473284   
269.25 9.120617932473284   
269.25 9.120617932473284   
      
270.0 8.761421960527258   
270.0 8.761421960527258   
270.0 8.761421960527258   
270.0 8.761421960527258   
270.0 8.761421960527258   
      
270.75 8.53070716819561   
270.75 8.53070716819561   
270.75 8.53070716819561   
270.75 8.53070716819561   
270.75 8.53070716819561   
      
271.5 8.733463953340463   
271.5 8.733463953340463   
271.5 8.733463953340463   
271.5 8.733463953340463   
271.5 8.733463953340463   
      
272.25 9.071957785851854   
272.25 9.071957785851854   
272.25 9.071957785851854   
272.25 9.071957785851854   
272.25 9.071957785851854   
      
273.0 9.477152433617578   
273.0 9.477152433617578   
273.0 9.477152433617578   
273.0 9.477152433617578   
273.0 9.477152433617578   
      
273.75 9.754524556850887   
273.75 9.754524556850887   
273.75 9.754524556850887   
273.75 9.754524556850887   
273.75 9.754524556850887   
      
274.5 9.827542488211094   
274.5 9.827542488211094   
274.5 9.827542488211094   
274.5 9.827542488211094   
274.5 9.827542488211094   
      
275.25 9.839470126695566   
275.25 9.839470126695566   
275.25 9.839470126695566   
275.25 9.839470126695566   
275.25 9.839470126695566   
      
276.0 9.75229591347536   
276.0 9.75229591347536   
276.0 9.75229591347536   
276.0 9.75229591347536   
276.0 9.75229591347536   
      
276.75 9.63343425890186   
276.75 9.63343425890186   
276.75 9.63343425890186   
276.75 9.63343425890186   
276.75 9.63343425890186   
      
277.5 9.407434239763127   
277.5 9.407434239763127   
277.5 9.407434239763127   
277.5 9.407434239763127   
277.5 9.407434239763127   
      
278.25 9.083340338094644   
278.25 9.083340338094644   
278.25 9.083340338094644   
278.25 9.083340338094644   
278.25 9.083340338094644   
      
279.0 8.693310696072563   
279.0 8.693310696072563   
279.0 8.693310696072563   
279.0 8.693310696072563   
279.0 8.693310696072563   
      
279.75 8.53578037210172   
279.75 8.53578037210172   
279.75 8.53578037210172   
279.75 8.53578037210172   
279.75 8.53578037210172   
      
280.5 8.690830741916727   
280.5 8.690830741916727   
280.5 8.690830741916727   
280.5 8.690830741916727   
280.5 8.690830741916727   
      
281.25 8.871328409491777   
281.25 8.871328409491777   
281.25 8.871328409491777   
281.25 8.871328409491777   
281.25 8.871328409491777   
      
282.0 9.177615235671254   
282.0 9.177615235671254   
282.0 9.177615235671254   
282.0 9.177615235671254   
282.0 9.177615235671254   
      
282.75 9.47173824467522   
282.75 9.47173824467522   
282.75 9.47173824467522   
282.75 9.47173824467522   
282.75 9.47173824467522   
      
283.5 9.714522943444521   
283.5 9.714522943444521   
283.5 9.714522943444521   
283.5 9.714522943444521   
283.5 9.714522943444521   
      
284.25 9.777263889341206   
284.25 9.777263889341206   
284.25 9.777263889341206   
284.25 9.777263889341206   
284.25 9.777263889341206   
      
285.0 9.745900427381715   
285.0 9.745900427381715   
285.0 9.745900427381715   
285.0 9.745900427381715   
285.0 9.745900427381715   
      
285.75 9.605134036562411   
285.75 9.605134036562411   
285.75 9.605134036562411   
285.75 9.605134036562411   
285.75 9.605134036562411   
      
286.5 9.376034759218802   
286.5 9.376034759218802   
286.5 9.376034759218802   
286.5 9.376034759218802   
286.5 9.376034759218802   
      
287.25 9.019026108367173   
287.25 9.019026108367173   
287.25 9.019026108367173   
287.25 9.019026108367173   
287.25 9.019026108367173   
      
288.0 8.613341609828666   
288.0 8.613341609828666   
288.0 8.613341609828666   
288.0 8.613341609828666   
288.0 8.613341609828666   
      
288.75 8.455024432858039   
288.75 8.455024432858039   
288.75 8.455024432858039   
288.75 8.455024432858039   
288.75 8.455024432858039   
      
289.5 8.557919741538802   
289.5 8.557919741538802   
289.5 8.557919741538802   
289.5 8.557919741538802   
289.5 8.557919741538802   
      
290.25 8.681209169752819   
290.25 8.681209169752819   
290.25 8.681209169752819   
290.25 8.681209169752819   
290.25 8.681209169752819   
      
291.0 8.930830690611108   
291.0 8.930830690611108   
291.0 8.930830690611108   
291.0 8.930830690611108   
291.0 8.930830690611108   
      
291.75 9.19530762448349   
291.75 9.19530762448349   
291.75 9.19530762448349   
291.75 9.19530762448349   
291.75 9.19530762448349   
      
292.5 9.49316543667848   
292.5 9.49316543667848   
292.5 9.49316543667848   
292.5 9.49316543667848   
292.5 9.49316543667848   
      
293.25 9.650777080249256   
293.25 9.650777080249256   
293.25 9.650777080249256   
293.25 9.650777080249256   
293.25 9.650777080249256   
      
294.0 9.643312391133183   
294.0 9.643312391133183   
294.0 9.643312391133183   
294.0 9.643312391133183   
294.0 9.643312391133183   
      
294.75 9.519352212357527   
294.75 9.519352212357527   
294.75 9.519352212357527   
294.75 9.519352212357527   
294.75 9.519352212357527   
      
295.5 9.284113872649343   
295.5 9.284113872649343   
295.5 9.284113872649343   
295.5 9.284113872649343   
295.5 9.284113872649343   
      
296.25 8.930862067480616   
296.25 8.930862067480616   
296.25 8.930862067480616   
296.25 8.930862067480616   
296.25 8.930862067480616   
      
297.0 8.526315872625299   
297.0 8.526315872625299   
297.0 8.526315872625299   
297.0 8.526315872625299   
297.0 8.526315872625299   
      
297.75 8.346340024972251   
297.75 8.346340024972251   
297.75 8.346340024972251   
297.75 8.346340024972251   
297.75 8.346340024972251   
      
298.5 8.410592171750348   
298.5 8.410592171750348   
298.5 8.410592171750348   
298.5 8.410592171750348   
298.5 8.410592171750348   
      
299.25 8.505272821006441   
299.25 8.505272821006441   
299.25 8.505272821006441   
299.25 8.505272821006441   
299.25 8.505272821006441   
      
300.0 8.71973215410001   
300.0 8.71973215410001   
300.0 8.71973215410001   
300.0 8.71973215410001   
300.0 8.71973215410001   
      
300.75 8.960382714494326   
300.75 8.960382714494326   
300.75 8.960382714494326   
300.75 8.960382714494326   
300.75 8.960382714494326   
      
301.5 9.265261512701096   
301.5 9.265261512701096   
301.5 9.265261512701096   
301.5 9.265261512701096   
301.5 9.265261512701096   
      
302.25 9.479497546350188   
302.25 9.479497546350188   
302.25 9.479497546350188   
302.25 9.479497546350188   
302.25 9.479497546350188   
      
303.0 9.505200743742483   
303.0 9.505200743742483   
303.0 9.505200743742483   
303.0 9.505200743742483   
303.0 9.505200743742483   
      
303.75 9.390163938334924   
303.75 9.390163938334924   
303.75 9.390163938334924   
303.75 9.390163938334924   
303.75 9.390163938334924   
      
304.5 9.16433260421416   
304.5 9.16433260421416   
304.5 9.16433260421416   
304.5 9.16433260421416   
304.5 9.16433260421416   
      
305.25 8.825286597698652   
305.25 8.825286597698652   
305.25 8.825286597698652   
305.25 8.825286597698652   
305.25 8.825286597698652   
      
306.0 8.440344235366293   
306.0 8.440344235366293   
306.0 8.440344235366293   
306.0 8.440344235366293   
306.0 8.440344235366293   
      
306.75 8.243067444953791   
306.75 8.243067444953791   
306.75 8.243067444953791   
306.75 8.243067444953791   
306.75 8.243067444953791   
      
307.5 8.277020350513544   
307.5 8.277020350513544   
307.5 8.277020350513544   
307.5 8.277020350513544   
307.5 8.277020350513544   
      
308.25 8.357376717990979   
308.25 8.357376717990979   
308.25 8.357376717990979   
308.25 8.357376717990979   
308.25 8.357376717990979   
      
309.0 8.5493885108712   
309.0 8.5493885108712   
309.0 8.5493885108712   
309.0 8.5493885108712   
309.0 8.5493885108712   
      
309.75 8.778664964927092   
309.75 8.778664964927092   
309.75 8.778664964927092   
309.75 8.778664964927092   
309.75 8.778664964927092   
      
310.5 9.079493709426135   
310.5 9.079493709426135   
310.5 9.079493709426135   
310.5 9.079493709426135   
310.5 9.079493709426135   
      
311.25 9.316646167511188   
311.25 9.316646167511188   
311.25 9.316646167511188   
311.25 9.316646167511188   
311.25 9.316646167511188   
      
312.0 9.363983949641778   
312.0 9.363983949641778   
312.0 9.363983949641778   
312.0 9.363983949641778   
312.0 9.363983949641778   
      
312.75 9.255495301902775   
312.75 9.255495301902775   
312.75 9.255495301902775   
312.75 9.255495301902775   
312.75 9.255495301902775   
      
313.5 9.042061697959554   
313.5 9.042061697959554   
313.5 9.042061697959554   
313.5 9.042061697959554   
313.5 9.042061697959554   
      
314.25 8.721763107422978   
314.25 8.721763107422978   
314.25 8.721763107422978   
314.25 8.721763107422978   
314.25 8.721763107422978   
      
315.0 8.36310101747017   
315.0 8.36310101747017   
315.0 8.36310101747017   
315.0 8.36310101747017   
315.0 8.36310101747017   
      
315.75 8.15831529049596   
315.75 8.15831529049596   
315.75 8.15831529049596   
315.75 8.15831529049596   
315.75 8.15831529049596   
      
316.5 8.169248353771813   
316.5 8.169248353771813   
316.5 8.169248353771813   
316.5 8.169248353771813   
316.5 8.169248353771813   
      
317.25 8.24390812040499   
317.25 8.24390812040499   
317.25 8.24390812040499   
317.25 8.24390812040499   
317.25 8.24390812040499   
      
318.0 8.422395009949163   
318.0 8.422395009949163   
318.0 8.422395009949163   
318.0 8.422395009949163   
318.0 8.422395009949163   
      
318.75 8.649955808466158   
318.75 8.649955808466158   
318.75 8.649955808466158   
318.75 8.649955808466158   
318.75 8.649955808466158   
      
319.5 8.946770736851079   
319.5 8.946770736851079   
319.5 8.946770736851079   
319.5 8.946770736851079   
319.5 8.946770736851079   
      
320.25 9.188945959511175   
320.25 9.188945959511175   
320.25 9.188945959511175   
320.25 9.188945959511175   
320.25 9.188945959511175   
      
321.0 9.241623356691298   
321.0 9.241623356691298   
321.0 9.241623356691298   
321.0 9.241623356691298   
321.0 9.241623356691298   
      
321.75 9.138711924065595   
321.75 9.138711924065595   
321.75 9.138711924065595   
321.75 9.138711924065595   
321.75 9.138711924065595   
      
322.5 8.935717802571693   
322.5 8.935717802571693   
322.5 8.935717802571693   
322.5 8.935717802571693   
322.5 8.935717802571693   
      
323.25 8.634409838942137   
323.25 8.634409838942137   
323.25 8.634409838942137   
323.25 8.634409838942137   
323.25 8.634409838942137   
      
324.0 8.299880691450442   
324.0 8.299880691450442   
324.0 8.299880691450442   
324.0 8.299880691450442   
324.0 8.299880691450442   
      
324.75 8.09467156625421   
324.75 8.09467156625421   
324.75 8.09467156625421   
324.75 8.09467156625421   
324.75 8.09467156625421   
      
325.5 8.090365860306818   
325.5 8.090365860306818   
325.5 8.090365860306818   
325.5 8.090365860306818   
325.5 8.090365860306818   
      
326.25 8.164178156359496   
326.25 8.164178156359496   
326.25 8.164178156359496   
326.25 8.164178156359496   
326.25 8.164178156359496   
      
327.0 8.336441413529313   
327.0 8.336441413529313   
327.0 8.336441413529313   
327.0 8.336441413529313   
327.0 8.336441413529313   
      
327.75 8.56736651424494   
327.75 8.56736651424494   
327.75 8.56736651424494   
327.75 8.56736651424494   
327.75 8.56736651424494   
      
328.5 8.861780537162119   
328.5 8.861780537162119   
328.5 8.861780537162119   
328.5 8.861780537162119   
328.5 8.861780537162119   
      
329.25 9.099244858447372   
329.25 9.099244858447372   
329.25 9.099244858447372   
329.25 9.099244858447372   
329.25 9.099244858447372   
      
330.0 9.146675022401407   
330.0 9.146675022401407   
330.0 9.146675022401407   
330.0 9.146675022401407   
330.0 9.146675022401407   
      
330.75 9.048056793275377   
330.75 9.048056793275377   
330.75 9.048056793275377   
330.75 9.048056793275377   
330.75 9.048056793275377   
      
331.5 8.852435185004074   
331.5 8.852435185004074   
331.5 8.852435185004074   
331.5 8.852435185004074   
331.5 8.852435185004074   
      
332.25 8.567348276551884   
332.25 8.567348276551884   
332.25 8.567348276551884   
332.25 8.567348276551884   
332.25 8.567348276551884   
      
333.0 8.251821062650137   
333.0 8.251821062650137   
333.0 8.251821062650137   
333.0 8.251821062650137   
333.0 8.251821062650137   
      
333.75 8.050608312849265   
333.75 8.050608312849265   
333.75 8.050608312849265   
333.75 8.050608312849265   
333.75 8.050608312849265   
      
334.5 8.038302768989933   
334.5 8.038302768989933   
334.5 8.038302768989933   
334.5 8.038302768989933   
334.5 8.038302768989933   
      
335.25 8.11428120439719   
335.25 8.11428120439719   
335.25 8.11428120439719   
335.25 8.11428120439719   
335.25 8.11428120439719   
      
336.0 8.285656180984047   
336.0 8.285656180984047   
336.0 8.285656180984047   
336.0 8.285656180984047   
336.0 8.285656180984047   
      
336.75 8.521896543291232   
336.75 8.521896543291232   
336.75 8.521896543291232   
336.75 8.521896543291232   
336.75 8.521896543291232   
      
337.5 8.814263889423636   
337.5 8.814263889423636   
337.5 8.814263889423636   
337.5 8.814263889423636   
337.5 8.814263889423636   
      
338.25 9.0409479942857   
338.25 9.0409479942857   
338.25 9.0409479942857   
338.25 9.0409479942857   
338.25 9.0409479942857   
      
339.0 9.078297439761778   
339.0 9.078297439761778   
339.0 9.078297439761778   
339.0 9.078297439761778   
339.0 9.078297439761778   
      
339.75 8.98237634149955   
339.75 8.98237634149955   
339.75 8.98237634149955   
339.75 8.98237634149955   
339.75 8.98237634149955   
      
340.5 8.790999852700763   
340.5 8.790999852700763   
340.5 8.790999852700763   
340.5 8.790999852700763   
340.5 8.790999852700763   
      
341.25 8.51823637563726   
341.25 8.51823637563726   
341.25 8.51823637563726   
341.25 8.51823637563726   
341.25 8.51823637563726   
      
342.0 8.217014644220734   
342.0 8.217014644220734   
342.0 8.217014644220734   
342.0 8.217014644220734   
342.0 8.217014644220734   
      
342.75 8.023010678820027   
342.75 8.023010678820027   
342.75 8.023010678820027   
342.75 8.023010678820027   
342.75 8.023010678820027   
      
343.5 8.008773533001827   
343.5 8.008773533001827   
343.5 8.008773533001827   
343.5 8.008773533001827   
343.5 8.008773533001827   
      
344.25 8.089005284990067   
344.25 8.089005284990067   
344.25 8.089005284990067   
344.25 8.089005284990067   
344.25 8.089005284990067   
      
345.0 8.262880260091563   
345.0 8.262880260091563   
345.0 8.262880260091563   
345.0 8.262880260091563   
345.0 8.262880260091563   
      
345.75 8.504649108697015   
345.75 8.504649108697015   
345.75 8.504649108697015   
345.75 8.504649108697015   
345.75 8.504649108697015   
      
346.5 8.793974020476591   
346.5 8.793974020476591   
346.5 8.793974020476591   
346.5 8.793974020476591   
346.5 8.793974020476591   
      
347.25 9.005872825935668   
347.25 9.005872825935668   
347.25 9.005872825935668   
347.25 9.005872825935668   
347.25 9.005872825935668   
      
348.0 9.031649886277936   
348.0 9.031649886277936   
348.0 9.031649886277936   
348.0 9.031649886277936   
348.0 9.031649886277936   
      
348.75 8.936432832177804   
348.75 8.936432832177804   
348.75 8.936432832177804   
348.75 8.936432832177804   
348.75 8.936432832177804   
      
349.5 8.746656570038247   
349.5 8.746656570038247   
349.5 8.746656570038247   
349.5 8.746656570038247   
349.5 8.746656570038247   
      
