0.0 0.9936378045092191   
0.0 2.001112304659122   
0.0 3.0018990666646785   
0.0 3.9989258208826284   
0.0 0.02925000000000002   
      
0.75 1.0003109081778534   
0.75 2.0030014283270745   
0.75 3.000538696114259   
0.75 3.9973289890136443   
0.75 0.038185702780940384   
      
1.5 1.0074377399064267   
1.5 2.005648304205642   
1.5 2.9993770666192967   
1.5 3.9949793911081133   
1.5 0.047281249064277574   
      
2.25 1.0151896574595158   
2.25 2.008763632520711   
2.25 2.9981902023539213   
2.25 3.9919962501217077   
2.25 0.0570207569837224   
      
3.0 1.0237134894700268   
3.0 2.012284399337544   
3.0 2.996842076020421   
3.0 3.9883129193081497   
3.0 0.06767036763831204   
      
3.75 1.033158052673717   
3.75 2.0162060937566793   
3.75 2.9952267943078335   
3.75 3.983812284426145   
3.75 0.0794599376796023   
      
4.5 1.0436851547203647   
4.5 2.020549479363266   
4.5 2.9932470600194896   
4.5 3.978347422064709   
4.5 0.09262509374110807   
      
5.25 1.0554760672423353   
5.25 2.0253514982639746   
5.25 2.990804943244238   
5.25 3.971742994349966   
5.25 0.1074243475443834   
      
6.0 1.0687368408800588   
6.0 2.030662456104495   
6.0 2.987796435688038   
6.0 3.963791708185904   
6.0 0.12415030093003546   
      
6.75 1.0837033923447597   
6.75 2.036545196511389   
6.75 2.984107371010109   
6.75 3.9542490071573195   
6.75 0.14313969644023988   
      
7.5 1.1006466207028853   
7.5 2.043075058766077   
7.5 2.979609977141522   
7.5 3.9428267340832694   
7.5 0.16478377225189098   
      
8.25 1.1198775698761447   
8.25 2.0503401881855434   
8.25 2.974159830597074   
8.25 3.929185948058553   
8.25 0.18953950266561345   
      
9.0 1.1417524964725505   
9.0 2.058441960572609   
9.0 2.9675931900880803   
9.0 3.912929009853499   
9.0 0.2179420076078436   
      
9.75 1.1666775257399629   
9.75 2.06749531032092   
9.75 2.9597248311515405   
9.75 3.8935911460896313   
9.75 0.25061822428125474   
      
10.5 1.1951123391474427   
10.5 2.0776287200977595   
10.5 2.9503466547766863   
10.5 3.8706319140169096   
10.5 0.28830169649455595   
      
11.25 1.2275719980598954   
11.25 2.0889835627160602   
11.25 2.9392275305945295   
11.25 3.8434273429168577   
11.25 0.3318479559566482   
      
12.0 1.2646255279992855   
12.0 2.1017123871901453   
12.0 2.9261150790256054   
12.0 3.8112640923241687   
12.0 0.38224933025027913   
      
12.75 1.3068892206813547   
12.75 2.115975612013018   
12.75 2.9107404131353705   
12.75 3.7733378439561944   
12.75 0.4406469448866975   
      
13.5 1.3550117125588281   
13.5 2.1319359340457837   
13.5 2.8928272592966664   
13.5 3.7287594739220498   
13.5 0.5083359370092477   
      
14.25 1.4096467502609542   
14.25 2.149749596355309   
14.25 2.8721073481379396   
14.25 3.676574505605063   
14.25 0.5867570988999933   
      
15.0 1.471408212275647   
15.0 2.1695535192498725   
15.0 2.848344466735932   
15.0 3.6158040818469903   
15.0 0.6774638399263481   
      
15.75 1.5408006574733881   
15.75 2.1914472594586774   
15.75 2.8213699650005024   
15.75 3.5455192406824136   
15.75 0.7820469946559891   
      
16.5 1.6181180111829465   
16.5 2.215468957825018   
16.5 2.791132548142797   
16.5 3.464964209484803   
16.5 0.9019914462871808   
      
17.25 1.7033042250260393   
17.25 2.241565091408789   
17.25 2.7577643654691757   
17.25 3.373747235057601   
17.25 1.0384289327483587   
      
18.0 1.7957751048937096   
18.0 2.269555301115363   
18.0 2.721662891683625   
18.0 3.2721153978574358   
18.0 1.1917455018375542   
      
18.75 1.8942134031280051   
18.75 2.2990962594655926   
18.75 2.683582681599675   
18.75 3.1613154442487104   
18.75 1.3610124596491069   
      
19.5 1.9963735542142573   
19.5 2.329652879794691   
19.5 2.6447213805365983   
19.5 3.044004168456367   
19.5 1.5432619534570877   
      
20.25 2.098969364501528   
20.25 2.36049111901039   
20.25 2.606769658997408   
20.25 2.924597759783302   
20.25 1.7327593082325368   
      
21.0 2.197759556238818   
21.0 2.3907128433052973   
21.0 2.57187690996796   
21.0 2.80934520959479   
21.0 1.9206489730924032   
      
21.75 2.2879659185375445   
21.75 2.419355544295921   
21.75 2.5424715620340947   
21.75 2.705829866297632   
21.75 2.0955715827896175   
      
22.5 2.3651090224298184   
22.5 2.4455695463064013   
22.5 2.520884451495757   
22.5 2.6216658027920285   
22.5 2.2457647099278675   
      
23.25 2.426176600517686   
23.25 2.4688506296536086   
23.25 2.5087823559071145   
23.25 2.5624859807211493   
23.25 2.362436307503322   
      
24.0 2.4707484938379958   
24.0 2.4892404856661483   
24.0 2.5065451727127526   
24.0 2.5298756342375968   
24.0 2.4430487593141956   
      
24.75 2.501411563572521   
24.75 2.5073357567912877   
24.75 2.512880460951458   
24.75 2.5203631439637757   
24.75 2.492530840171499   
      
25.5 2.5228153245943212   
25.5 2.5239532310256627   
25.5 2.525018366417848   
25.5 2.5264562170120457   
25.5 2.521109427271574   
      
26.25 2.5394353898347735   
26.25 2.5394939204978124   
26.25 2.53954871184775   
26.25 2.539622683984584   
26.25 2.5393476480845276   
      
27.0 2.5533829759609294   
27.0 2.553377370200341   
27.0 2.553372122576883   
27.0 2.5533650379283706   
27.0 2.553391379416987   
      
27.75 2.5639859853343134   
27.75 2.5639873386469056   
27.75 2.5639886054999517   
27.75 2.5639903158377026   
27.75 2.563983956617108   
      
28.5 2.569089896392583   
28.5 2.5690893868614633   
28.5 2.56908890988293   
28.5 2.569088265929473   
28.5 2.5690906602179884   
      
29.25 2.5662483915387355   
29.25 2.5662486429632914   
29.25 2.566248878325001   
29.25 2.566249196079314   
29.25 2.5662480146344464   
      
30.0 2.553081719548168   
30.0 2.553081571739562   
30.0 2.5530814333740546   
30.0 2.55308124657121   
30.0 2.553081941124366   
      
30.75 2.5275289128091494   
30.75 2.5275290102830734   
30.75 2.5275291015296477   
30.75 2.527529224718728   
30.75 2.5275287666884183   
      
31.5 2.4882045415955654   
31.5 2.488204472276288   
31.5 2.488204407385635   
31.5 2.4882043197788404   
31.5 2.488204645510367   
      
32.25 2.4348134354904873   
32.25 2.4348134873430625   
32.25 2.4348135358829146   
32.25 2.4348136014150157   
32.25 2.4348133577595834   
      
33.0 2.368633206582972   
33.0 2.3686331663493614   
33.0 2.368633128686168   
33.0 2.3686330778382962   
33.0 2.368633266896177   
      
33.75 2.292962309254919   
33.75 2.2929623414654725   
33.75 2.29296237161818   
33.75 2.2929624123263848   
33.75 2.29296226096888   
      
34.5 2.213336252197492   
34.5 2.2133362255632703   
34.5 2.2133362006306387   
34.5 2.2133361669698908   
34.5 2.2133362921241906   
      
35.25 2.1371751513438078   
35.25 2.1371751741938043   
35.25 2.137175195583975   
35.25 2.137175224462159   
35.25 2.137175117089947   
      
36.0 2.072628720811279   
36.0 2.0726287003782202   
36.0 2.072628681250576   
36.0 2.0726286554269553   
36.0 2.0726287514419686   
      
36.75 2.0268538706278796   
36.75 2.0268538897003747   
36.75 2.0268539075543783   
36.75 2.0268539316584975   
36.75 2.0268538420367768   
      
37.5 2.004532061195755   
37.5 2.0045320426747395   
37.5 2.004532025336983   
37.5 2.004532001929833   
37.5 2.004532088960149   
      
38.25 2.007327967497798   
38.25 2.007327986069333   
38.25 2.0073280034543806   
38.25 2.0073280269253773   
38.25 2.007327939657672   
      
39.0 2.0342490462435645   
39.0 2.0342490271986153   
39.0 2.0342490093703987   
39.0 2.034248985301094   
39.0 2.0342490747933732   
      
39.75 2.0823865594324373   
39.75 2.082386579216634   
39.75 2.082386597736869   
39.75 2.082386622740446   
39.75 2.0823865297744417   
      
40.5 2.1476328090351227   
40.5 2.147632788383629   
40.5 2.1476327690515054   
40.5 2.1476327429518243   
40.5 2.1476328399932623   
      
41.25 2.225234223684578   
41.25 2.225234245209194   
41.25 2.225234265358659   
41.25 2.2252342925618063   
41.25 2.2252341914175617   
      
42.0 2.3101995549672667   
42.0 2.310199532677604   
42.0 2.31019951181197   
42.0 2.310199483641944   
42.0 2.310199588381145   
      
42.75 2.3976015025468267   
42.75 2.3976015253793004   
42.75 2.3976015467530676   
42.75 2.397601575609107   
42.75 2.3976014683192326   
      
43.5 2.4827934081044862   
43.5 2.4827933850692596   
43.5 2.4827933635056936   
43.5 2.482793334393412   
43.5 2.4827934426360216   
      
44.25 2.561533866815819   
44.25 2.561533889600551   
44.25 2.561533910929625   
44.25 2.5615339397253276   
44.25 2.5615338326597934   
      
45.0 2.630022163127615   
45.0 2.630022141133901   
45.0 2.6300221205453083   
45.0 2.6300220927493054   
45.0 2.630022196097846   
      
45.75 2.6848508130098123   
45.75 2.6848508336385626   
45.75 2.684850852949396   
45.75 2.6848508790203374   
45.75 2.684850782085764   
      
46.5 2.722901718593643   
46.5 2.722901699860811   
46.5 2.722901682324771   
46.5 2.7229016586499206   
46.5 2.7229017466755674   
      
47.25 2.7412258040842095   
47.25 2.7412258205138564   
47.25 2.741225835893855   
47.25 2.741225856657903   
47.25 2.741225779454933   
      
48.0 2.7369812539761025   
48.0 2.73698124007287   
48.0 2.7369812270578793   
48.0 2.736981209486754   
48.0 2.7369812748180946   
      
48.75 2.7075130603353963   
48.75 2.707513071694511   
48.75 2.707513082327921   
48.75 2.7075130966837504   
48.75 2.7075130433072285   
      
49.5 2.6506699700457195   
49.5 2.650669961062859   
49.5 2.650669952653889   
49.5 2.6506699413012065   
49.5 2.6506699835117047   
      
50.25 2.5654622835512297   
50.25 2.5654622904625777   
50.25 2.565462296932378   
50.25 2.5654623056670496   
50.25 2.5654622731905987   
      
51.0 2.453190804552638   
51.0 2.4531907993302853   
51.0 2.453190794441573   
51.0 2.4531907878414794   
51.0 2.4531908123813397   
      
51.75 2.319109276386196   
51.75 2.319109280324356   
51.75 2.319109284010917   
51.75 2.3191092889880274   
51.75 2.3191092704825964   
      
52.5 2.1742138160102424   
52.5 2.1742138129743145   
52.5 2.1742138101323443   
52.5 2.174213806295489   
52.5 2.1742138205613286   
      
53.25 2.035519211474776   
53.25 2.0355192139363036   
53.25 2.0355192162405698   
53.25 2.035519219351488   
53.25 2.0355192077847613   
      
54.0 1.9223024683329184   
54.0 1.9223024661863248   
54.0 1.9223024641768718   
54.0 1.9223024614639719   
54.0 1.9223024715508235   
      
54.75 1.8488630238128865   
54.75 1.8488630258375636   
54.75 1.8488630277328884   
54.75 1.8488630302917075   
54.75 1.8488630207777441   
      
55.5 1.8202185802794173   
55.5 1.8202185782398659   
55.5 1.8202185763306167   
55.5 1.820218573752999   
55.5 1.8202185833368578   
      
56.25 1.8341327616395051   
56.25 1.8341327637845672   
56.25 1.8341327657925854   
56.25 1.8341327685035487   
56.25 1.834132758423897   
      
57.0 1.8846729715693173   
57.0 1.8846729692666258   
57.0 1.8846729671110487   
57.0 1.8846729642008708   
57.0 1.8846729750212248   
      
57.75 1.9646568541769878   
57.75 1.9646568566588538   
57.75 1.9646568589821578   
57.75 1.9646568621187785   
57.75 1.964656850456485   
      
58.5 2.066661436963108   
58.5 2.066661434301037   
58.5 2.066661431809043   
58.5 2.0666614284446774   
58.5 2.0666614409537494   
      
59.25 2.183542802250792   
59.25 2.1835428050834866   
59.25 2.1835428077352033   
59.25 2.1835428113152067   
59.25 2.1835427980043725   
      
60.0 2.3085782091913347   
60.0 2.30857820620277   
60.0 2.30857820340514   
60.0 2.3085781996281445   
60.0 2.3085782136714177   
      
60.75 2.4357325098069467   
60.75 2.435732512929936   
60.75 2.4357325158534024   
60.75 2.4357325198002857   
60.75 2.435732505125351   
      
61.5 2.559689394790172   
61.5 2.559689391568204   
61.5 2.559689388552083   
61.5 2.5596893844801083   
61.5 2.559689399620144   
      
62.25 2.675997627514962   
62.25 2.67599763077775   
62.25 2.675997633832083   
62.25 2.675997637955647   
62.25 2.675997622623797   
      
63.0 2.780907842076022   
63.0 2.7809078388575745   
63.0 2.7809078358447494   
63.0 2.780907831777224   
63.0 2.7809078469007162   
      
63.75 2.8713451179867784   
63.75 2.871345121053601   
63.75 2.871345123924489   
63.75 2.87134512780039   
63.75 2.871345113389379   
      
64.5 2.9445743188914086   
64.5 2.94457431609006   
64.5 2.944574313467686   
64.5 2.9445743099272943   
64.5 2.944574323090843   
      
65.25 2.9979405836764497   
65.25 2.997940586114675   
65.25 2.997940588397125   
65.25 2.9979405914785957   
65.25 2.997940580021365   
      
66.0 3.0283594781537597   
66.0 3.0283594761388106   
66.0 3.0283594742525946   
66.0 3.0283594717060685   
66.0 3.028359481174321   
      
66.75 3.032095109136117   
66.75 3.0320951107155096   
66.75 3.0320951121939963   
66.75 3.0320951141900596   
66.75 3.0320951067684874   
      
67.5 3.0046524511319594   
67.5 3.0046524499568035   
67.5 3.004652448856728   
67.5 3.0046524473715466   
67.5 3.0046524528936067   
      
68.25 2.941177576971248   
68.25 2.9411775778023848   
68.25 2.941177578580421   
68.25 2.9411775796308257   
68.25 2.941177575725311   
      
69.0 2.837098965365624   
69.0 2.8370989648062426   
69.0 2.8370989642826   
69.0 2.8370989635756456   
69.0 2.8370989662041772   
      
69.75 2.689277809896656   
69.75 2.6892778102557395   
69.75 2.689277810591881   
69.75 2.689277811045695   
69.75 2.689277809358364   
      
70.5 2.4981468031219114   
70.5 2.4981468028999347   
70.5 2.4981468026921405   
70.5 2.4981468024116036   
70.5 2.498146803454671   
      
71.25 2.2722220542813423   
71.25 2.2722220544174148   
71.25 2.2722220545447933   
71.25 2.2722220547167638   
71.25 2.2722220540773597   
      
72.0 2.03510654340801   
72.0 2.0351065433202478   
72.0 2.0351065432380926   
72.0 2.0351065431271773   
72.0 2.0351065435395728   
      
72.75 1.8275520836086927   
72.75 1.827552083672613   
72.75 1.8275520837324484   
72.75 1.8275520838132313   
72.75 1.827552083512872   
      
73.5 1.6878649925705207   
73.5 1.68786499251623   
73.5 1.6878649924654086   
73.5 1.6878649923967957   
73.5 1.6878649926519063   
      
74.25 1.6230847820643408   
74.25 1.6230847821166283   
74.25 1.6230847821655743   
74.25 1.6230847822316556   
74.25 1.623084781985958   
      
75.0 1.6203239663187385   
75.0 1.620323966264906   
75.0 1.6203239662145144   
75.0 1.6203239661464803   
75.0 1.6203239663994373   
      
75.75 1.6644657688437903   
75.75 1.6644657688998223   
75.75 1.6644657689522728   
75.75 1.6644657690230868   
75.75 1.664465768759794   
      
76.5 1.7413475402968033   
76.5 1.741347540239935   
76.5 1.7413475401867013   
76.5 1.7413475401148302   
76.5 1.741347540382054   
      
77.25 1.8401361490499346   
77.25 1.84013614910544   
77.25 1.8401361491573982   
77.25 1.8401361492275472   
77.25 1.8401361489667263   
      
78.0 1.9510399893673216   
78.0 1.9510399893149983   
78.0 1.951039989266019   
78.0 1.9510399891998915   
78.0 1.9510399894457588   
      
78.75 2.067038051848141   
78.75 2.0670380518964966   
78.75 2.0670380519417626   
78.75 2.0670380520028764   
78.75 2.0670380517756506   
      
79.5 2.1822654994261144   
79.5 2.182265499381519   
79.5 2.1822654993397737   
79.5 2.182265499283412   
79.5 2.182265499492968   
      
80.25 2.293892023511409   
80.25 2.2938920235530253   
80.25 2.2938920235919826   
80.25 2.2938920236445797   
80.25 2.2938920234490205   
      
81.0 2.400296267101192   
81.0 2.400296267061627   
81.0 2.4002962670245895   
81.0 2.4002962669745855   
81.0 2.4002962671605053   
      
81.75 2.5018529312588553   
81.75 2.5018529312971363   
81.75 2.5018529313329725   
81.75 2.5018529313813542   
81.75 2.501852931201466   
      
82.5 2.598694886797468   
82.5 2.598694886760056   
82.5 2.5986948867250326   
82.5 2.598694886677749   
82.5 2.5986948868535547   
      
83.25 2.691431965482225   
83.25 2.691431965518706   
83.25 2.6914319655528587   
83.25 2.6914319655989667   
83.25 2.691431965427533   
      
84.0 2.7796560091413784   
84.0 2.779656009106417   
84.0 2.779656009073687   
84.0 2.7796560090295   
84.0 2.7796560091937925   
      
84.75 2.8633002412108834   
84.75 2.863300241243277   
84.75 2.8633002412736035   
84.75 2.8633002413145463   
84.75 2.863300241162318   
      
85.5 2.941682159204521   
85.5 2.9416821591759676   
85.5 2.941682159149237   
85.5 2.941682159113149   
85.5 2.941682159247328   
      
86.25 3.014779415661579   
86.25 3.0147794156851653   
86.25 3.0147794157072454   
86.25 3.014779415737055   
86.25 3.0147794156262204   
      
87.0 3.081973120128165   
87.0 3.081973120110132   
87.0 3.0819731200932514   
87.0 3.0819731200704616   
87.0 3.081973120155197   
      
87.75 3.142345336573373   
87.75 3.142345336586027   
87.75 3.1423453365978737   
87.75 3.1423453366138667   
87.75 3.1423453365544027   
      
88.5 3.193283250186209   
88.5 3.1932832501780752   
88.5 3.1932832501704613   
88.5 3.193283250160181   
88.5 3.1932832501984025   
      
89.25 3.2307603860735172   
89.25 3.2307603860783307   
89.25 3.2307603860828356   
89.25 3.230760386088919   
89.25 3.2307603860663017   
      
90.0 3.2495867591778316   
90.0 3.249586759175181   
90.0 3.2495867591726997   
90.0 3.2495867591693486   
90.0 3.249586759181806   
      
90.75 3.2449102294258485   
90.75 3.2449102294272247   
90.75 3.2449102294285135   
90.75 3.244910229430254   
90.75 3.2449102294237853   
      
91.5 3.2132439406053694   
91.5 3.213243940604689   
91.5 3.2132439406040523   
91.5 3.213243940603192   
91.5 3.2132439406063895   
      
92.25 3.153052429639233   
92.25 3.1530524296395543   
92.25 3.153052429639856   
92.25 3.153052429640262   
92.25 3.153052429638751   
      
93.0 3.0645511125049   
93.0 3.064551112504755   
93.0 3.064551112504619   
93.0 3.0645511125044353   
93.0 3.0645511125051175   
      
93.75 2.949295695472881   
93.75 2.949295695472943   
93.75 2.949295695473001   
93.75 2.94929569547308   
93.75 2.9492956954727876   
      
94.5 2.80980332948517   
94.5 2.8098033294851446   
94.5 2.8098033294851206   
94.5 2.8098033294850886   
94.5 2.809803329485208   
      
95.25 2.6493792621067422   
95.25 2.649379262106752   
95.25 2.6493792621067613   
95.25 2.6493792621067733   
95.25 2.649379262106727   
      
96.0 2.472133067276535   
96.0 2.4721330672765314   
96.0 2.472133067276528   
96.0 2.4721330672765234   
96.0 2.4721330672765407   
      
96.75 2.2831016070660093   
96.75 2.28310160706601   
96.75 2.2831016070660115   
96.75 2.2831016070660137   
96.75 2.283101607066007   
      
97.5 2.0880027409816004   
97.5 2.0880027409816   
97.5 2.0880027409815995   
97.5 2.0880027409815987   
97.5 2.088002740981601   
      
98.25 1.8911256119893638   
98.25 1.8911256119893642   
98.25 1.8911256119893642   
98.25 1.8911256119893647   
98.25 1.8911256119893636   
      
99.0 1.691413793829296   
99.0 1.691413793829296   
99.0 1.691413793829296   
99.0 1.6914137938292955   
99.0 1.691413793829296   
      
99.75 1.4809317235421724   
99.75 1.4809317235421724   
99.75 1.4809317235421724   
99.75 1.4809317235421728   
99.75 1.4809317235421724   
      
100.5 1.2476589782807728   
100.5 1.2476589782807728   
100.5 1.2476589782807728   
100.5 1.2476589782807723   
100.5 1.2476589782807728   
      
101.25 0.9790469371337207   
101.25 0.9790469371337207   
101.25 0.9790469371337207   
101.25 0.9790469371337209   
101.25 0.9790469371337207   
      
102.0 0.6648911167674026   
102.0 0.6648911167674026   
102.0 0.6648911167674026   
102.0 0.6648911167674023   
102.0 0.6648911167674026   
      
102.75 0.302733522480589   
102.75 0.302733522480589   
102.75 0.302733522480589   
102.75 0.3027335224805892   
102.75 0.302733522480589   
      
103.5 26.91240035303935   
103.5 26.91240035303935   
103.5 26.91240035303935   
103.5 26.91240035303935   
103.5 26.91240035303935   
      
104.25 26.556076423633787   
104.25 26.556076423633787   
104.25 26.556076423633787   
104.25 26.556076423633787   
104.25 26.556076423633787   
      
105.0 26.304818564294425   
105.0 26.304818564294425   
105.0 26.304818564294425   
105.0 26.304818564294425   
105.0 26.304818564294425   
      
105.75 26.142567521893096   
105.75 26.142567521893096   
105.75 26.142567521893096   
105.75 26.142567521893096   
105.75 26.142567521893096   
      
106.5 26.025198172572225   
106.5 26.025198172572225   
106.5 26.025198172572225   
106.5 26.025198172572225   
106.5 26.025198172572225   
      
107.25 25.93433216859398   
107.25 25.93433216859398   
107.25 25.93433216859398   
107.25 25.93433216859398   
107.25 25.93433216859398   
      
108.0 25.84792664247829   
108.0 25.84792664247829   
108.0 25.84792664247829   
108.0 25.84792664247829   
108.0 25.84792664247829   
      
108.75 25.750065288450493   
108.75 25.750065288450493   
108.75 25.750065288450493   
108.75 25.750065288450493   
108.75 25.750065288450493   
      
109.5 25.613699100010383   
109.5 25.613699100010383   
109.5 25.613699100010383   
109.5 25.613699100010383   
109.5 25.613699100010383   
      
110.25 25.39845513508381   
110.25 25.39845513508381   
110.25 25.39845513508381   
110.25 25.39845513508381   
110.25 25.39845513508381   
      
111.0 25.027104217571406   
111.0 25.027104217571406   
111.0 25.027104217571406   
111.0 25.027104217571406   
111.0 25.027104217571406   
      
111.75 24.35424517073353   
111.75 24.35424517073353   
111.75 24.35424517073353   
111.75 24.35424517073353   
111.75 24.35424517073353   
      
112.5 23.370031293075368   
112.5 23.370031293075368   
112.5 23.370031293075368   
112.5 23.370031293075368   
112.5 23.370031293075368   
      
113.25 23.63687738098857   
113.25 23.63687738098857   
113.25 23.63687738098857   
113.25 23.63687738098857   
113.25 23.63687738098857   
      
114.0 23.67035120550017   
114.0 23.67035120550017   
114.0 23.67035120550017   
114.0 23.67035120550017   
114.0 23.67035120550017   
      
114.75 23.90981890495985   
114.75 23.90981890495985   
114.75 23.90981890495985   
114.75 23.90981890495985   
114.75 23.90981890495985   
      
115.5 23.86875462145911   
115.5 23.86875462145911   
115.5 23.86875462145911   
115.5 23.86875462145911   
115.5 23.86875462145911   
      
116.25 24.080961353425298   
116.25 24.080961353425298   
116.25 24.080961353425298   
116.25 24.080961353425298   
116.25 24.080961353425298   
      
117.0 24.029516410814903   
117.0 24.029516410814903   
117.0 24.029516410814903   
117.0 24.029516410814903   
117.0 24.029516410814903   
      
117.75 24.166291743503546   
117.75 24.166291743503546   
117.75 24.166291743503546   
117.75 24.166291743503546   
117.75 24.166291743503546   
      
118.5 24.1685455709662   
118.5 24.1685455709662   
118.5 24.1685455709662   
118.5 24.1685455709662   
118.5 24.1685455709662   
      
119.25 24.261630365363963   
119.25 24.261630365363963   
119.25 24.261630365363963   
119.25 24.261630365363963   
119.25 24.261630365363963   
      
120.0 24.320011163273673   
120.0 24.320011163273673   
120.0 24.320011163273673   
120.0 24.320011163273673   
120.0 24.320011163273673   
      
120.75 24.388677305418764   
120.75 24.388677305418764   
120.75 24.388677305418764   
120.75 24.388677305418764   
120.75 24.388677305418764   
      
121.5 24.409811900047398   
121.5 24.409811900047398   
121.5 24.409811900047398   
121.5 24.409811900047398   
121.5 24.409811900047398   
      
122.25 24.389631615467074   
122.25 24.389631615467074   
122.25 24.389631615467074   
122.25 24.389631615467074   
122.25 24.389631615467074   
      
123.0 24.326889413599204   
123.0 24.326889413599204   
123.0 24.326889413599204   
123.0 24.326889413599204   
123.0 24.326889413599204   
      
123.75 24.238111997107588   
123.75 24.238111997107588   
123.75 24.238111997107588   
123.75 24.238111997107588   
123.75 24.238111997107588   
      
124.5 24.128312057806088   
124.5 24.128312057806088   
124.5 24.128312057806088   
124.5 24.128312057806088   
124.5 24.128312057806088   
      
125.25 24.008748555447173   
125.25 24.008748555447173   
125.25 24.008748555447173   
125.25 24.008748555447173   
125.25 24.008748555447173   
      
126.0 23.883639374891416   
126.0 23.883639374891416   
126.0 23.883639374891416   
126.0 23.883639374891416   
126.0 23.883639374891416   
      
126.75 23.76191157534954   
126.75 23.76191157534954   
126.75 23.76191157534954   
126.75 23.76191157534954   
126.75 23.76191157534954   
      
127.5 23.64801872724488   
127.5 23.64801872724488   
127.5 23.64801872724488   
127.5 23.64801872724488   
127.5 23.64801872724488   
      
128.25 23.549697762952732   
128.25 23.549697762952732   
128.25 23.549697762952732   
128.25 23.549697762952732   
128.25 23.549697762952732   
      
129.0 23.471787824936033   
129.0 23.471787824936033   
129.0 23.471787824936033   
129.0 23.471787824936033   
129.0 23.471787824936033   
      
129.75 23.421032110877135   
129.75 23.421032110877135   
129.75 23.421032110877135   
129.75 23.421032110877135   
129.75 23.421032110877135   
      
130.5 23.40160059641153   
130.5 23.40160059641153   
130.5 23.40160059641153   
130.5 23.40160059641153   
130.5 23.40160059641153   
      
131.25 23.417486835898426   
131.25 23.417486835898426   
131.25 23.417486835898426   
131.25 23.417486835898426   
131.25 23.417486835898426   
      
132.0 23.470059831985616   
132.0 23.470059831985616   
132.0 23.470059831985616   
132.0 23.470059831985616   
132.0 23.470059831985616   
      
132.75 23.560157809725837   
132.75 23.560157809725837   
132.75 23.560157809725837   
132.75 23.560157809725837   
132.75 23.560157809725837   
      
133.5 23.687457839335522   
133.5 23.687457839335522   
133.5 23.687457839335522   
133.5 23.687457839335522   
133.5 23.687457839335522   
      
134.25 23.85210024026913   
134.25 23.85210024026913   
134.25 23.85210024026913   
134.25 23.85210024026913   
134.25 23.85210024026913   
      
135.0 24.054522798206452   
135.0 24.054522798206452   
135.0 24.054522798206452   
135.0 24.054522798206452   
135.0 24.054522798206452   
      
135.75 24.295853770840715   
135.75 24.295853770840715   
135.75 24.295853770840715   
135.75 24.295853770840715   
135.75 24.295853770840715   
      
136.5 24.576724627192593   
136.5 24.576724627192593   
136.5 24.576724627192593   
136.5 24.576724627192593   
136.5 24.576724627192593   
      
137.25 24.895349450465744   
137.25 24.895349450465744   
137.25 24.895349450465744   
137.25 24.895349450465744   
137.25 24.895349450465744   
      
138.0 25.244219684492336   
138.0 25.244219684492336   
138.0 25.244219684492336   
138.0 25.244219684492336   
138.0 25.244219684492336   
      
138.75 25.607730115224374   
138.75 25.607730115224374   
138.75 25.607730115224374   
138.75 25.607730115224374   
138.75 25.607730115224374   
      
139.5 25.966159259951795   
139.5 25.966159259951795   
139.5 25.966159259951795   
139.5 25.966159259951795   
139.5 25.966159259951795   
      
140.25 26.310228857823475   
140.25 26.310228857823475   
140.25 26.310228857823475   
140.25 26.310228857823475   
140.25 26.310228857823475   
      
141.0 26.65402806075859   
141.0 26.65402806075859   
141.0 26.65402806075859   
141.0 26.65402806075859   
141.0 26.65402806075859   
      
141.75 0.023085186936562252   
141.75 0.023085186936562252   
141.75 0.023085186936562252   
141.75 0.023085186936562252   
141.75 0.023085186936562252   
      
142.5 0.41280470426336224   
142.5 0.41280470426336224   
142.5 0.41280470426336224   
142.5 0.41280470426336224   
142.5 0.41280470426336224   
      
143.25 0.7481033258715519   
143.25 0.7481033258715519   
143.25 0.7481033258715519   
143.25 0.7481033258715519   
143.25 0.7481033258715519   
      
144.0 0.9597275411270383   
144.0 0.9597275411270383   
144.0 0.9597275411270383   
144.0 0.9597275411270383   
144.0 0.9597275411270383   
      
144.75 1.0985098803101025   
144.75 1.0985098803101025   
144.75 1.0985098803101025   
144.75 1.0985098803101025   
144.75 1.0985098803101025   
      
145.5 1.1894913782382504   
145.5 1.1894913782382504   
145.5 1.1894913782382504   
145.5 1.1894913782382504   
145.5 1.1894913782382504   
      
146.25 1.2507696306662668   
146.25 1.2507696306662668   
146.25 1.2507696306662668   
146.25 1.2507696306662668   
146.25 1.2507696306662668   
      
147.0 1.2838076934993996   
147.0 1.2838076934993996   
147.0 1.2838076934993996   
147.0 1.2838076934993996   
147.0 1.2838076934993996   
      
147.75 1.2936675553043178   
147.75 1.2936675553043178   
147.75 1.2936675553043178   
147.75 1.2936675553043178   
147.75 1.2936675553043178   
      
148.5 1.2765120436635884   
148.5 1.2765120436635884   
148.5 1.2765120436635884   
148.5 1.2765120436635884   
148.5 1.2765120436635884   
      
149.25 1.232341235833416   
149.25 1.232341235833416   
149.25 1.232341235833416   
149.25 1.232341235833416   
149.25 1.232341235833416   
      
150.0 1.155419825990031   
150.0 1.155419825990031   
150.0 1.155419825990031   
150.0 1.155419825990031   
150.0 1.155419825990031   
      
150.75 1.0417545562990447   
150.75 1.0417545562990447   
150.75 1.0417545562990447   
150.75 1.0417545562990447   
150.75 1.0417545562990447   
      
151.5 0.8835672577937861   
151.5 0.8835672577937861   
151.5 0.8835672577937861   
151.5 0.8835672577937861   
151.5 0.8835672577937861   
      
152.25 0.673637714946283   
152.25 0.673637714946283   
152.25 0.673637714946283   
152.25 0.673637714946283   
152.25 0.673637714946283   
      
153.0 0.40423819367961006   
153.0 0.40423819367961006   
153.0 0.40423819367961006   
153.0 0.40423819367961006   
153.0 0.40423819367961006   
      
153.75 0.0753859056306524   
153.75 0.0753859056306524   
153.75 0.0753859056306524   
153.75 0.0753859056306524   
153.75 0.0753859056306524   
      
154.5 26.70947630064043   
154.5 26.70947630064043   
154.5 26.70947630064043   
154.5 26.70947630064043   
154.5 26.70947630064043   
      
155.25 26.36816771249586   
155.25 26.36816771249586   
155.25 26.36816771249586   
155.25 26.36816771249586   
155.25 26.36816771249586   
      
156.0 26.11478567147515   
156.0 26.11478567147515   
156.0 26.11478567147515   
156.0 26.11478567147515   
156.0 26.11478567147515   
      
156.75 25.941392920238815   
156.75 25.941392920238815   
156.75 25.941392920238815   
156.75 25.941392920238815   
156.75 25.941392920238815   
      
157.5 25.826450418605273   
157.5 25.826450418605273   
157.5 25.826450418605273   
157.5 25.826450418605273   
157.5 25.826450418605273   
      
158.25 25.75587695455833   
158.25 25.75587695455833   
158.25 25.75587695455833   
158.25 25.75587695455833   
158.25 25.75587695455833   
      
159.0 25.722777332778357   
159.0 25.722777332778357   
159.0 25.722777332778357   
159.0 25.722777332778357   
159.0 25.722777332778357   
      
159.75 25.724787144653327   
159.75 25.724787144653327   
159.75 25.724787144653327   
159.75 25.724787144653327   
159.75 25.724787144653327   
      
160.5 25.7626194562037   
160.5 25.7626194562037   
160.5 25.7626194562037   
160.5 25.7626194562037   
160.5 25.7626194562037   
      
161.25 25.838963520782436   
161.25 25.838963520782436   
161.25 25.838963520782436   
161.25 25.838963520782436   
161.25 25.838963520782436   
      
162.0 25.958141070217483   
162.0 25.958141070217483   
162.0 25.958141070217483   
162.0 25.958141070217483   
162.0 25.958141070217483   
      
162.75 26.1258618903794   
162.75 26.1258618903794   
162.75 26.1258618903794   
162.75 26.1258618903794   
162.75 26.1258618903794   
      
163.5 26.349218378294978   
163.5 26.349218378294978   
163.5 26.349218378294978   
163.5 26.349218378294978   
163.5 26.349218378294978   
      
164.25 26.636005982704127   
164.25 26.636005982704127   
164.25 26.636005982704127   
164.25 26.636005982704127   
164.25 26.636005982704127   
      
165.0 26.99182190488256   
165.0 26.99182190488256   
165.0 26.99182190488256   
165.0 26.99182190488256   
165.0 26.99182190488256   
      
165.75 0.4110076191092915   
165.75 0.4110076191092915   
165.75 0.4110076191092915   
165.75 0.4110076191092915   
165.75 0.4110076191092915   
      
166.5 0.8579871923563613   
166.5 0.8579871923563613   
166.5 0.8579871923563613   
166.5 0.8579871923563613   
166.5 0.8579871923563613   
      
167.25 1.25924817522205   
167.25 1.25924817522205   
167.25 1.25924817522205   
167.25 1.25924817522205   
167.25 1.25924817522205   
      
168.0 1.5665711682143224   
168.0 1.5665711682143224   
168.0 1.5665711682143224   
168.0 1.5665711682143224   
168.0 1.5665711682143224   
      
168.75 1.8129457474879753   
168.75 1.8129457474879753   
168.75 1.8129457474879753   
168.75 1.8129457474879753   
168.75 1.8129457474879753   
      
169.5 2.0277776989481042   
169.5 2.0277776989481042   
169.5 2.0277776989481042   
169.5 2.0277776989481042   
169.5 2.0277776989481042   
      
170.25 2.2502596324324866   
170.25 2.2502596324324866   
170.25 2.2502596324324866   
170.25 2.2502596324324866   
170.25 2.2502596324324866   
      
171.0 2.5060206365168476   
171.0 2.5060206365168476   
171.0 2.5060206365168476   
171.0 2.5060206365168476   
171.0 2.5060206365168476   
      
171.75 2.835653032358801   
171.75 2.835653032358801   
171.75 2.835653032358801   
171.75 2.835653032358801   
171.75 2.835653032358801   
      
172.5 3.2869060503354355   
172.5 3.2869060503354355   
172.5 3.2869060503354355   
172.5 3.2869060503354355   
172.5 3.2869060503354355   
      
173.25 3.9437428427586125   
173.25 3.9437428427586125   
173.25 3.9437428427586125   
173.25 3.9437428427586125   
173.25 3.9437428427586125   
      
174.0 4.8961862716870295   
174.0 4.8961862716870295   
174.0 4.8961862716870295   
174.0 4.8961862716870295   
174.0 4.8961862716870295   
      
174.75 5.742847529094839   
174.75 5.742847529094839   
174.75 5.742847529094839   
174.75 5.742847529094839   
174.75 5.742847529094839   
      
175.5 5.569983816926912   
175.5 5.569983816926912   
175.5 5.569983816926912   
175.5 5.569983816926912   
175.5 5.569983816926912   
      
176.25 6.02836033941398   
176.25 6.02836033941398   
176.25 6.02836033941398   
176.25 6.02836033941398   
176.25 6.02836033941398   
      
177.0 5.889824069386314   
177.0 5.889824069386314   
177.0 5.889824069386314   
177.0 5.889824069386314   
177.0 5.889824069386314   
      
177.75 6.373549694248991   
177.75 6.373549694248991   
177.75 6.373549694248991   
177.75 6.373549694248991   
177.75 6.373549694248991   
      
178.5 6.401459304655168   
178.5 6.401459304655168   
178.5 6.401459304655168   
178.5 6.401459304655168   
178.5 6.401459304655168   
      
179.25 6.832595179849938   
179.25 6.832595179849938   
179.25 6.832595179849938   
179.25 6.832595179849938   
179.25 6.832595179849938   
      
180.0 7.103943343662573   
180.0 7.103943343662573   
180.0 7.103943343662573   
180.0 7.103943343662573   
180.0 7.103943343662573   
      
180.75 7.512563541832566   
180.75 7.512563541832566   
180.75 7.512563541832566   
180.75 7.512563541832566   
180.75 7.512563541832566   
      
181.5 7.843958451508251   
181.5 7.843958451508251   
181.5 7.843958451508251   
181.5 7.843958451508251   
181.5 7.843958451508251   
      
182.25 8.139004240085796   
182.25 8.139004240085796   
182.25 8.139004240085796   
182.25 8.139004240085796   
182.25 8.139004240085796   
      
183.0 8.348042030511804   
183.0 8.348042030511804   
183.0 8.348042030511804   
183.0 8.348042030511804   
183.0 8.348042030511804   
      
183.75 8.526235364202696   
183.75 8.526235364202696   
183.75 8.526235364202696   
183.75 8.526235364202696   
183.75 8.526235364202696   
      
184.5 8.642385544361753   
184.5 8.642385544361753   
184.5 8.642385544361753   
184.5 8.642385544361753   
184.5 8.642385544361753   
      
185.25 8.747159148063211   
185.25 8.747159148063211   
185.25 8.747159148063211   
185.25 8.747159148063211   
185.25 8.747159148063211   
      
186.0 8.806490863232987   
186.0 8.806490863232987   
186.0 8.806490863232987   
186.0 8.806490863232987   
186.0 8.806490863232987   
      
186.75 8.877595747343003   
186.75 8.877595747343003   
186.75 8.877595747343003   
186.75 8.877595747343003   
186.75 8.877595747343003   
      
187.5 8.920244873250168   
187.5 8.920244873250168   
187.5 8.920244873250168   
187.5 8.920244873250168   
187.5 8.920244873250168   
      
188.25 8.98483281957142   
188.25 8.98483281957142   
188.25 8.98483281957142   
188.25 8.98483281957142   
188.25 8.98483281957142   
      
189.0 9.032181507588303   
189.0 9.032181507588303   
189.0 9.032181507588303   
189.0 9.032181507588303   
189.0 9.032181507588303   
      
189.75 9.095791958978099   
189.75 9.095791958978099   
189.75 9.095791958978099   
189.75 9.095791958978099   
189.75 9.095791958978099   
      
190.5 9.14626687921957   
190.5 9.14626687921957   
190.5 9.14626687921957   
190.5 9.14626687921957   
190.5 9.14626687921957   
      
191.25 9.19921388894368   
191.25 9.19921388894368   
191.25 9.19921388894368   
191.25 9.19921388894368   
191.25 9.19921388894368   
      
192.0 9.235365227545502   
192.0 9.235365227545502   
192.0 9.235365227545502   
192.0 9.235365227545502   
192.0 9.235365227545502   
      
192.75 9.258426317770505   
192.75 9.258426317770505   
192.75 9.258426317770505   
192.75 9.258426317770505   
192.75 9.258426317770505   
      
193.5 9.25598223254724   
193.5 9.25598223254724   
193.5 9.25598223254724   
193.5 9.25598223254724   
193.5 9.25598223254724   
      
194.25 9.226762077875858   
194.25 9.226762077875858   
194.25 9.226762077875858   
194.25 9.226762077875858   
194.25 9.226762077875858   
      
195.0 9.163159174581688   
195.0 9.163159174581688   
195.0 9.163159174581688   
195.0 9.163159174581688   
195.0 9.163159174581688   
      
195.75 9.063318684525644   
195.75 9.063318684525644   
195.75 9.063318684525644   
195.75 9.063318684525644   
195.75 9.063318684525644   
      
196.5 8.922863118009637   
196.5 8.922863118009637   
196.5 8.922863118009637   
196.5 8.922863118009637   
196.5 8.922863118009637   
      
197.25 8.73956235771022   
197.25 8.73956235771022   
197.25 8.73956235771022   
197.25 8.73956235771022   
197.25 8.73956235771022   
      
198.0 8.508941454379105   
198.0 8.508941454379105   
198.0 8.508941454379105   
198.0 8.508941454379105   
198.0 8.508941454379105   
      
198.75 8.226693353065281   
198.75 8.226693353065281   
198.75 8.226693353065281   
198.75 8.226693353065281   
198.75 8.226693353065281   
      
199.5 7.8902517203842075   
199.5 7.8902517203842075   
199.5 7.8902517203842075   
199.5 7.8902517203842075   
199.5 7.8902517203842075   
      
200.25 7.510655893450503   
200.25 7.510655893450503   
200.25 7.510655893450503   
200.25 7.510655893450503   
200.25 7.510655893450503   
      
201.0 7.1347741415718815   
201.0 7.1347741415718815   
201.0 7.1347741415718815   
201.0 7.1347741415718815   
201.0 7.1347741415718815   
      
201.75 6.849879877439372   
201.75 6.849879877439372   
201.75 6.849879877439372   
201.75 6.849879877439372   
201.75 6.849879877439372   
      
202.5 6.693598075682588   
202.5 6.693598075682588   
202.5 6.693598075682588   
202.5 6.693598075682588   
202.5 6.693598075682588   
      
203.25 6.6115232580541115   
203.25 6.6115232580541115   
203.25 6.6115232580541115   
203.25 6.6115232580541115   
203.25 6.6115232580541115   
      
204.0 6.5720685556111125   
204.0 6.5720685556111125   
204.0 6.5720685556111125   
204.0 6.5720685556111125   
204.0 6.5720685556111125   
      
204.75 6.536641682931342   
204.75 6.536641682931342   
204.75 6.536641682931342   
204.75 6.536641682931342   
204.75 6.536641682931342   
      
205.5 6.479182989081993   
205.5 6.479182989081993   
205.5 6.479182989081993   
205.5 6.479182989081993   
205.5 6.479182989081993   
      
206.25 6.3565278288045945   
206.25 6.3565278288045945   
206.25 6.3565278288045945   
206.25 6.3565278288045945   
206.25 6.3565278288045945   
      
207.0 6.103192082924084   
207.0 6.103192082924084   
207.0 6.103192082924084   
207.0 6.103192082924084   
207.0 6.103192082924084   
      
207.75 5.597835012337481   
207.75 5.597835012337481   
207.75 5.597835012337481   
207.75 5.597835012337481   
207.75 5.597835012337481   
      
208.5 4.779211486570501   
208.5 4.779211486570501   
208.5 4.779211486570501   
208.5 4.779211486570501   
208.5 4.779211486570501   
      
209.25 4.739516854866743   
209.25 4.739516854866743   
209.25 4.739516854866743   
209.25 4.739516854866743   
209.25 4.739516854866743   
      
210.0 5.300932283557423   
210.0 5.300932283557423   
210.0 5.300932283557423   
210.0 5.300932283557423   
210.0 5.300932283557423   
      
210.75 5.416261935675301   
210.75 5.416261935675301   
210.75 5.416261935675301   
210.75 5.416261935675301   
210.75 5.416261935675301   
      
211.5 6.009368547967788   
211.5 6.009368547967788   
211.5 6.009368547967788   
211.5 6.009368547967788   
211.5 6.009368547967788   
      
212.25 6.362664667398335   
212.25 6.362664667398335   
212.25 6.362664667398335   
212.25 6.362664667398335   
212.25 6.362664667398335   
      
213.0 6.943727832201164   
213.0 6.943727832201164   
213.0 6.943727832201164   
213.0 6.943727832201164   
213.0 6.943727832201164   
      
213.75 7.286036711092894   
213.75 7.286036711092894   
213.75 7.286036711092894   
213.75 7.286036711092894   
213.75 7.286036711092894   
      
214.5 7.54055468502399   
214.5 7.54055468502399   
214.5 7.54055468502399   
214.5 7.54055468502399   
214.5 7.54055468502399   
      
215.25 7.66267887904409   
215.25 7.66267887904409   
215.25 7.66267887904409   
215.25 7.66267887904409   
215.25 7.66267887904409   
      
216.0 7.790908249505702   
216.0 7.790908249505702   
216.0 7.790908249505702   
216.0 7.790908249505702   
216.0 7.790908249505702   
      
216.75 7.813919731544354   
216.75 7.813919731544354   
216.75 7.813919731544354   
216.75 7.813919731544354   
216.75 7.813919731544354   
      
217.5 7.8838814852819805   
217.5 7.8838814852819805   
217.5 7.8838814852819805   
217.5 7.8838814852819805   
217.5 7.8838814852819805   
      
218.25 7.856550779947523   
218.25 7.856550779947523   
218.25 7.856550779947523   
218.25 7.856550779947523   
218.25 7.856550779947523   
      
219.0 7.911294399631973   
219.0 7.911294399631973   
219.0 7.911294399631973   
219.0 7.911294399631973   
219.0 7.911294399631973   
      
219.75 7.888165552573832   
219.75 7.888165552573832   
219.75 7.888165552573832   
219.75 7.888165552573832   
219.75 7.888165552573832   
      
220.5 7.957053546012161   
220.5 7.957053546012161   
220.5 7.957053546012161   
220.5 7.957053546012161   
220.5 7.957053546012161   
      
221.25 7.968571678898213   
221.25 7.968571678898213   
221.25 7.968571678898213   
221.25 7.968571678898213   
221.25 7.968571678898213   
      
222.0 8.055520463145573   
222.0 8.055520463145573   
222.0 8.055520463145573   
222.0 8.055520463145573   
222.0 8.055520463145573   
      
222.75 8.102167785529941   
222.75 8.102167785529941   
222.75 8.102167785529941   
222.75 8.102167785529941   
222.75 8.102167785529941   
      
223.5 8.195657291657252   
223.5 8.195657291657252   
223.5 8.195657291657252   
223.5 8.195657291657252   
223.5 8.195657291657252   
      
224.25 8.260394766992501   
224.25 8.260394766992501   
224.25 8.260394766992501   
224.25 8.260394766992501   
224.25 8.260394766992501   
      
225.0 8.343609648879704   
225.0 8.343609648879704   
225.0 8.343609648879704   
225.0 8.343609648879704   
225.0 8.343609648879704   
      
225.75 8.402497951312126   
225.75 8.402497951312126   
225.75 8.402497951312126   
225.75 8.402497951312126   
225.75 8.402497951312126   
      
226.5 8.457356731171524   
226.5 8.457356731171524   
226.5 8.457356731171524   
226.5 8.457356731171524   
226.5 8.457356731171524   
      
227.25 8.48550187315144   
227.25 8.48550187315144   
227.25 8.48550187315144   
227.25 8.48550187315144   
227.25 8.48550187315144   
      
228.0 8.49250178574318   
228.0 8.49250178574318   
228.0 8.49250178574318   
228.0 8.49250178574318   
228.0 8.49250178574318   
      
228.75 8.465879140449196   
228.75 8.465879140449196   
228.75 8.465879140449196   
228.75 8.465879140449196   
228.75 8.465879140449196   
      
229.5 8.407182119502938   
229.5 8.407182119502938   
229.5 8.407182119502938   
229.5 8.407182119502938   
229.5 8.407182119502938   
      
230.25 8.31299484838647   
230.25 8.31299484838647   
230.25 8.31299484838647   
230.25 8.31299484838647   
230.25 8.31299484838647   
      
231.0 8.187548428643293   
231.0 8.187548428643293   
231.0 8.187548428643293   
231.0 8.187548428643293   
231.0 8.187548428643293   
      
231.75 8.0325386103425   
231.75 8.0325386103425   
231.75 8.0325386103425   
231.75 8.0325386103425   
231.75 8.0325386103425   
      
232.5 7.8518506621919455   
232.5 7.8518506621919455   
232.5 7.8518506621919455   
232.5 7.8518506621919455   
232.5 7.8518506621919455   
      
233.25 7.647157088676576   
233.25 7.647157088676576   
233.25 7.647157088676576   
233.25 7.647157088676576   
233.25 7.647157088676576   
      
234.0 7.42080259881641   
234.0 7.42080259881641   
234.0 7.42080259881641   
234.0 7.42080259881641   
234.0 7.42080259881641   
      
234.75 7.175232518131583   
234.75 7.175232518131583   
234.75 7.175232518131583   
234.75 7.175232518131583   
234.75 7.175232518131583   
      
235.5 6.9157100168505705   
235.5 6.9157100168505705   
235.5 6.9157100168505705   
235.5 6.9157100168505705   
235.5 6.9157100168505705   
      
236.25 6.651712014688928   
236.25 6.651712014688928   
236.25 6.651712014688928   
236.25 6.651712014688928   
236.25 6.651712014688928   
      
237.0 6.394774725718596   
237.0 6.394774725718596   
237.0 6.394774725718596   
237.0 6.394774725718596   
237.0 6.394774725718596   
      
237.75 6.146682510918959   
237.75 6.146682510918959   
237.75 6.146682510918959   
237.75 6.146682510918959   
237.75 6.146682510918959   
      
238.5 5.891788044041672   
238.5 5.891788044041672   
238.5 5.891788044041672   
238.5 5.891788044041672   
238.5 5.891788044041672   
      
239.25 5.6072963856649904   
239.25 5.6072963856649904   
239.25 5.6072963856649904   
239.25 5.6072963856649904   
239.25 5.6072963856649904   
      
240.0 5.288998114468195   
240.0 5.288998114468195   
240.0 5.288998114468195   
240.0 5.288998114468195   
240.0 5.288998114468195   
      
240.75 4.9816374932799246   
240.75 4.9816374932799246   
240.75 4.9816374932799246   
240.75 4.9816374932799246   
240.75 4.9816374932799246   
      
241.5 4.753987025617436   
241.5 4.753987025617436   
241.5 4.753987025617436   
241.5 4.753987025617436   
241.5 4.753987025617436   
      
242.25 4.614219777630175   
242.25 4.614219777630175   
242.25 4.614219777630175   
242.25 4.614219777630175   
242.25 4.614219777630175   
      
243.0 4.535811258083723   
243.0 4.535811258083723   
243.0 4.535811258083723   
243.0 4.535811258083723   
243.0 4.535811258083723   
      
243.75 4.511482858090597   
243.75 4.511482858090597   
243.75 4.511482858090597   
243.75 4.511482858090597   
243.75 4.511482858090597   
      
244.5 4.532155997194726   
244.5 4.532155997194726   
244.5 4.532155997194726   
244.5 4.532155997194726   
244.5 4.532155997194726   
      
245.25 4.599831314210985   
245.25 4.599831314210985   
245.25 4.599831314210985   
245.25 4.599831314210985   
245.25 4.599831314210985   
      
246.0 4.711006663023293   
246.0 4.711006663023293   
246.0 4.711006663023293   
246.0 4.711006663023293   
246.0 4.711006663023293   
      
246.75 4.869797788956525   
246.75 4.869797788956525   
246.75 4.869797788956525   
246.75 4.869797788956525   
246.75 4.869797788956525   
      
247.5 5.076420061020886   
247.5 5.076420061020886   
247.5 5.076420061020886   
247.5 5.076420061020886   
247.5 5.076420061020886   
      
248.25 5.338062575221958   
248.25 5.338062575221958   
248.25 5.338062575221958   
248.25 5.338062575221958   
248.25 5.338062575221958   
      
249.0 5.659761779644979   
249.0 5.659761779644979   
249.0 5.659761779644979   
249.0 5.659761779644979   
249.0 5.659761779644979   
      
249.75 6.042542067373069   
249.75 6.042542067373069   
249.75 6.042542067373069   
249.75 6.042542067373069   
249.75 6.042542067373069   
      
250.5 6.450251052935673   
250.5 6.450251052935673   
250.5 6.450251052935673   
250.5 6.450251052935673   
250.5 6.450251052935673   
      
251.25 6.783330207804373   
251.25 6.783330207804373   
251.25 6.783330207804373   
251.25 6.783330207804373   
251.25 6.783330207804373   
      
252.0 6.984808716027605   
252.0 6.984808716027605   
252.0 6.984808716027605   
252.0 6.984808716027605   
252.0 6.984808716027605   
      
252.75 7.131617065009562   
252.75 7.131617065009562   
252.75 7.131617065009562   
252.75 7.131617065009562   
252.75 7.131617065009562   
      
253.5 7.246491323954447   
253.5 7.246491323954447   
253.5 7.246491323954447   
253.5 7.246491323954447   
253.5 7.246491323954447   
      
254.25 7.374766562803674   
254.25 7.374766562803674   
254.25 7.374766562803674   
254.25 7.374766562803674   
254.25 7.374766562803674   
      
255.0 7.529778595267786   
255.0 7.529778595267786   
255.0 7.529778595267786   
255.0 7.529778595267786   
255.0 7.529778595267786   
      
255.75 7.753689251587215   
255.75 7.753689251587215   
255.75 7.753689251587215   
255.75 7.753689251587215   
255.75 7.753689251587215   
      
256.5 8.097003784241162   
256.5 8.097003784241162   
256.5 8.097003784241162   
256.5 8.097003784241162   
256.5 8.097003784241162   
      
257.25 8.660558676649012   
257.25 8.660558676649012   
257.25 8.660558676649012   
257.25 8.660558676649012   
257.25 8.660558676649012   
      
258.0 9.554748018195413   
258.0 9.554748018195413   
258.0 9.554748018195413   
258.0 9.554748018195413   
258.0 9.554748018195413   
      
258.75 10.143501621783876   
258.75 10.143501621783876   
258.75 10.143501621783876   
258.75 10.143501621783876   
258.75 10.143501621783876   
      
259.5 9.62005277288957   
259.5 9.62005277288957   
259.5 9.62005277288957   
259.5 9.62005277288957   
259.5 9.62005277288957   
      
260.25 9.984354316053164   
260.25 9.984354316053164   
260.25 9.984354316053164   
260.25 9.984354316053164   
260.25 9.984354316053164   
      
261.0 9.476921436962847   
261.0 9.476921436962847   
261.0 9.476921436962847   
261.0 9.476921436962847   
261.0 9.476921436962847   
      
261.75 9.811315843476589   
261.75 9.811315843476589   
261.75 9.811315843476589   
261.75 9.811315843476589   
261.75 9.811315843476589   
      
262.5 9.46941771452607   
262.5 9.46941771452607   
262.5 9.46941771452607   
262.5 9.46941771452607   
262.5 9.46941771452607   
      
263.25 9.610914347548748   
263.25 9.610914347548748   
263.25 9.610914347548748   
263.25 9.610914347548748   
263.25 9.610914347548748   
      
264.0 9.490558344053069   
264.0 9.490558344053069   
264.0 9.490558344053069   
264.0 9.490558344053069   
264.0 9.490558344053069   
      
264.75 9.485000894669819   
264.75 9.485000894669819   
264.75 9.485000894669819   
264.75 9.485000894669819   
264.75 9.485000894669819   
      
265.5 9.428179849651828   
265.5 9.428179849651828   
265.5 9.428179849651828   
265.5 9.428179849651828   
265.5 9.428179849651828   
      
266.25 9.339317661230758   
266.25 9.339317661230758   
266.25 9.339317661230758   
266.25 9.339317661230758   
266.25 9.339317661230758   
      
267.0 9.165132744156821   
267.0 9.165132744156821   
267.0 9.165132744156821   
267.0 9.165132744156821   
267.0 9.165132744156821   
      
267.75 8.810233020359329   
267.75 8.810233020359329   
267.75 8.810233020359329   
267.75 8.810233020359329   
267.75 8.810233020359329   
      
268.5 8.166417357850804   
268.5 8.166417357850804   
268.5 8.166417357850804   
268.5 8.166417357850804   
268.5 8.166417357850804   
      
269.25 7.851190704277212   
269.25 7.851190704277212   
269.25 7.851190704277212   
269.25 7.851190704277212   
269.25 7.851190704277212   
      
270.0 8.728145414508138   
270.0 8.728145414508138   
270.0 8.728145414508138   
270.0 8.728145414508138   
270.0 8.728145414508138   
      
270.75 9.531367022027739   
270.75 9.531367022027739   
270.75 9.531367022027739   
270.75 9.531367022027739   
270.75 9.531367022027739   
      
271.5 10.1415869322035   
271.5 10.1415869322035   
271.5 10.1415869322035   
271.5 10.1415869322035   
271.5 10.1415869322035   
      
272.25 9.716082639402007   
272.25 9.716082639402007   
272.25 9.716082639402007   
272.25 9.716082639402007   
272.25 9.716082639402007   
      
273.0 10.522775118597671   
273.0 10.522775118597671   
273.0 10.522775118597671   
273.0 10.522775118597671   
273.0 10.522775118597671   
      
273.75 9.549798831261374   
273.75 9.549798831261374   
273.75 9.549798831261374   
273.75 9.549798831261374   
273.75 9.549798831261374   
      
274.5 10.519467878233074   
274.5 10.519467878233074   
274.5 10.519467878233074   
274.5 10.519467878233074   
274.5 10.519467878233074   
      
275.25 9.83310822415773   
275.25 9.83310822415773   
275.25 9.83310822415773   
275.25 9.83310822415773   
275.25 9.83310822415773   
      
276.0 10.173484003004884   
276.0 10.173484003004884   
276.0 10.173484003004884   
276.0 10.173484003004884   
276.0 10.173484003004884   
      
276.75 10.025682299368295   
276.75 10.025682299368295   
276.75 10.025682299368295   
276.75 10.025682299368295   
276.75 10.025682299368295   
      
277.5 9.970059401378176   
277.5 9.970059401378176   
277.5 9.970059401378176   
277.5 9.970059401378176   
277.5 9.970059401378176   
      
278.25 9.84705103252953   
278.25 9.84705103252953   
278.25 9.84705103252953   
278.25 9.84705103252953   
278.25 9.84705103252953   
      
279.0 9.693210881976558   
279.0 9.693210881976558   
279.0 9.693210881976558   
279.0 9.693210881976558   
279.0 9.693210881976558   
      
279.75 9.661132042628942   
279.75 9.661132042628942   
279.75 9.661132042628942   
279.75 9.661132042628942   
279.75 9.661132042628942   
      
280.5 9.877452159106497   
280.5 9.877452159106497   
280.5 9.877452159106497   
280.5 9.877452159106497   
280.5 9.877452159106497   
      
281.25 10.023630870655662   
281.25 10.023630870655662   
281.25 10.023630870655662   
281.25 10.023630870655662   
281.25 10.023630870655662   
      
282.0 10.135837971281155   
282.0 10.135837971281155   
282.0 10.135837971281155   
282.0 10.135837971281155   
282.0 10.135837971281155   
      
282.75 10.205239993226806   
282.75 10.205239993226806   
282.75 10.205239993226806   
282.75 10.205239993226806   
282.75 10.205239993226806   
      
283.5 10.266484446702108   
283.5 10.266484446702108   
283.5 10.266484446702108   
283.5 10.266484446702108   
283.5 10.266484446702108   
      
284.25 10.292151429487781   
284.25 10.292151429487781   
284.25 10.292151429487781   
284.25 10.292151429487781   
284.25 10.292151429487781   
      
285.0 10.31014064667774   
285.0 10.31014064667774   
285.0 10.31014064667774   
285.0 10.31014064667774   
285.0 10.31014064667774   
      
285.75 10.292191159793475   
285.75 10.292191159793475   
285.75 10.292191159793475   
285.75 10.292191159793475   
285.75 10.292191159793475   
      
286.5 10.249684108117236   
286.5 10.249684108117236   
286.5 10.249684108117236   
286.5 10.249684108117236   
286.5 10.249684108117236   
      
287.25 10.174786430728568   
287.25 10.174786430728568   
287.25 10.174786430728568   
287.25 10.174786430728568   
287.25 10.174786430728568   
      
288.0 10.091712882896779   
288.0 10.091712882896779   
288.0 10.091712882896779   
288.0 10.091712882896779   
288.0 10.091712882896779   
      
288.75 10.043243896360345   
288.75 10.043243896360345   
288.75 10.043243896360345   
288.75 10.043243896360345   
288.75 10.043243896360345   
      
289.5 10.061558082843383   
289.5 10.061558082843383   
289.5 10.061558082843383   
289.5 10.061558082843383   
289.5 10.061558082843383   
      
290.25 10.123616551389324   
290.25 10.123616551389324   
290.25 10.123616551389324   
290.25 10.123616551389324   
290.25 10.123616551389324   
      
291.0 10.201828781687913   
291.0 10.201828781687913   
291.0 10.201828781687913   
291.0 10.201828781687913   
291.0 10.201828781687913   
      
291.75 10.28016543404886   
291.75 10.28016543404886   
291.75 10.28016543404886   
291.75 10.28016543404886   
291.75 10.28016543404886   
      
292.5 10.347037256246436   
292.5 10.347037256246436   
292.5 10.347037256246436   
292.5 10.347037256246436   
292.5 10.347037256246436   
      
293.25 10.39549792304187   
293.25 10.39549792304187   
293.25 10.39549792304187   
293.25 10.39549792304187   
293.25 10.39549792304187   
      
294.0 10.418996456332096   
294.0 10.418996456332096   
294.0 10.418996456332096   
294.0 10.418996456332096   
294.0 10.418996456332096   
      
294.75 10.413991601141028   
294.75 10.413991601141028   
294.75 10.413991601141028   
294.75 10.413991601141028   
294.75 10.413991601141028   
      
295.5 10.379582002861758   
295.5 10.379582002861758   
295.5 10.379582002861758   
295.5 10.379582002861758   
295.5 10.379582002861758   
      
296.25 10.321932758425717   
296.25 10.321932758425717   
296.25 10.321932758425717   
296.25 10.321932758425717   
296.25 10.321932758425717   
      
297.0 10.256081939063092   
297.0 10.256081939063092   
297.0 10.256081939063092   
297.0 10.256081939063092   
297.0 10.256081939063092   
      
297.75 10.204417496593294   
297.75 10.204417496593294   
297.75 10.204417496593294   
297.75 10.204417496593294   
297.75 10.204417496593294   
      
298.5 10.185000747403453   
298.5 10.185000747403453   
298.5 10.185000747403453   
298.5 10.185000747403453   
298.5 10.185000747403453   
      
299.25 10.201061650775166   
299.25 10.201061650775166   
299.25 10.201061650775166   
299.25 10.201061650775166   
299.25 10.201061650775166   
      
300.0 10.244295864755262   
300.0 10.244295864755262   
300.0 10.244295864755262   
300.0 10.244295864755262   
300.0 10.244295864755262   
      
300.75 10.302562163041399   
300.75 10.302562163041399   
300.75 10.302562163041399   
300.75 10.302562163041399   
300.75 10.302562163041399   
      
301.5 10.36284309304939   
301.5 10.36284309304939   
301.5 10.36284309304939   
301.5 10.36284309304939   
301.5 10.36284309304939   
      
302.25 10.412912986216696   
302.25 10.412912986216696   
302.25 10.412912986216696   
302.25 10.412912986216696   
302.25 10.412912986216696   
      
303.0 10.442689748422799   
303.0 10.442689748422799   
303.0 10.442689748422799   
303.0 10.442689748422799   
303.0 10.442689748422799   
      
303.75 10.446195853779141   
303.75 10.446195853779141   
303.75 10.446195853779141   
303.75 10.446195853779141   
303.75 10.446195853779141   
      
304.5 10.422767042062416   
304.5 10.422767042062416   
304.5 10.422767042062416   
304.5 10.422767042062416   
304.5 10.422767042062416   
      
305.25 10.377749805786623   
305.25 10.377749805786623   
305.25 10.377749805786623   
305.25 10.377749805786623   
305.25 10.377749805786623   
      
306.0 10.322286060713166   
306.0 10.322286060713166   
306.0 10.322286060713166   
306.0 10.322286060713166   
306.0 10.322286060713166   
      
306.75 10.271402413979489   
306.75 10.271402413979489   
306.75 10.271402413979489   
306.75 10.271402413979489   
306.75 10.271402413979489   
      
307.5 10.239147723347012   
307.5 10.239147723347012   
307.5 10.239147723347012   
307.5 10.239147723347012   
307.5 10.239147723347012   
      
308.25 10.233137229766301   
308.25 10.233137229766301   
308.25 10.233137229766301   
308.25 10.233137229766301   
308.25 10.233137229766301   
      
309.0 10.252913922258916   
309.0 10.252913922258916   
309.0 10.252913922258916   
309.0 10.252913922258916   
309.0 10.252913922258916   
      
309.75 10.29208492252616   
309.75 10.29208492252616   
309.75 10.29208492252616   
309.75 10.29208492252616   
309.75 10.29208492252616   
      
310.5 10.340738508424423   
310.5 10.340738508424423   
310.5 10.340738508424423   
310.5 10.340738508424423   
310.5 10.340738508424423   
      
311.25 10.387359889099503   
311.25 10.387359889099503   
311.25 10.387359889099503   
311.25 10.387359889099503   
311.25 10.387359889099503   
      
312.0 10.421004666872909   
312.0 10.421004666872909   
312.0 10.421004666872909   
312.0 10.421004666872909   
312.0 10.421004666872909   
      
312.75 10.433911652134611   
312.75 10.433911652134611   
312.75 10.433911652134611   
312.75 10.433911652134611   
312.75 10.433911652134611   
      
313.5 10.42343229305302   
313.5 10.42343229305302   
313.5 10.42343229305302   
313.5 10.42343229305302   
313.5 10.42343229305302   
      
314.25 10.392486112917927   
314.25 10.392486112917927   
314.25 10.392486112917927   
314.25 10.392486112917927   
314.25 10.392486112917927   
      
315.0 10.348846165619564   
315.0 10.348846165619564   
315.0 10.348846165619564   
315.0 10.348846165619564   
315.0 10.348846165619564   
      
315.75 10.30356113986958   
315.75 10.30356113986958   
315.75 10.30356113986958   
315.75 10.30356113986958   
315.75 10.30356113986958   
      
316.5 10.26819900946753   
316.5 10.26819900946753   
316.5 10.26819900946753   
316.5 10.26819900946753   
316.5 10.26819900946753   
      
317.25 10.251348147570853   
317.25 10.251348147570853   
317.25 10.251348147570853   
317.25 10.251348147570853   
317.25 10.251348147570853   
      
318.0 10.256219529332848   
318.0 10.256219529332848   
318.0 10.256219529332848   
318.0 10.256219529332848   
318.0 10.256219529332848   
      
318.75 10.280535335667965   
318.75 10.280535335667965   
318.75 10.280535335667965   
318.75 10.280535335667965   
318.75 10.280535335667965   
      
319.5 10.317783766080222   
319.5 10.317783766080222   
319.5 10.317783766080222   
319.5 10.317783766080222   
319.5 10.317783766080222   
      
320.25 10.35878271134752   
320.25 10.35878271134752   
320.25 10.35878271134752   
320.25 10.35878271134752   
320.25 10.35878271134752   
      
321.0 10.393582234086695   
321.0 10.393582234086695   
321.0 10.393582234086695   
321.0 10.393582234086695   
321.0 10.393582234086695   
      
321.75 10.413863605888897   
321.75 10.413863605888897   
321.75 10.413863605888897   
321.75 10.413863605888897   
321.75 10.413863605888897   
      
322.5 10.41513782327459   
322.5 10.41513782327459   
322.5 10.41513782327459   
322.5 10.41513782327459   
322.5 10.41513782327459   
      
323.25 10.39772931776864   
323.25 10.39772931776864   
323.25 10.39772931776864   
323.25 10.39772931776864   
323.25 10.39772931776864   
      
324.0 10.36641682841194   
324.0 10.36641682841194   
324.0 10.36641682841194   
324.0 10.36641682841194   
324.0 10.36641682841194   
      
324.75 10.329232901220877   
324.75 10.329232901220877   
324.75 10.329232901220877   
324.75 10.329232901220877   
324.75 10.329232901220877   
      
325.5 10.295598352356338   
325.5 10.295598352356338   
325.5 10.295598352356338   
325.5 10.295598352356338   
325.5 10.295598352356338   
      
326.25 10.273872131590423   
326.25 10.273872131590423   
326.25 10.273872131590423   
326.25 10.273872131590423   
326.25 10.273872131590423   
      
327.0 10.269064787317193   
327.0 10.269064787317193   
327.0 10.269064787317193   
327.0 10.269064787317193   
327.0 10.269064787317193   
      
327.75 10.28175625322201   
327.75 10.28175625322201   
327.75 10.28175625322201   
327.75 10.28175625322201   
327.75 10.28175625322201   
      
328.5 10.308381307624025   
328.5 10.308381307624025   
328.5 10.308381307624025   
328.5 10.308381307624025   
328.5 10.308381307624025   
      
329.25 10.342286257925768   
329.25 10.342286257925768   
329.25 10.342286257925768   
329.25 10.342286257925768   
329.25 10.342286257925768   
      
330.0 10.375227665654288   
330.0 10.375227665654288   
330.0 10.375227665654288   
330.0 10.375227665654288   
330.0 10.375227665654288   
      
330.75 10.399314120397246   
330.75 10.399314120397246   
330.75 10.399314120397246   
330.75 10.399314120397246   
330.75 10.399314120397246   
      
331.5 10.409051027695304   
331.5 10.409051027695304   
331.5 10.409051027695304   
331.5 10.409051027695304   
331.5 10.409051027695304   
      
332.25 10.402700576218782   
332.25 10.402700576218782   
332.25 10.402700576218782   
332.25 10.402700576218782   
332.25 10.402700576218782   
      
333.0 10.382489631693323   
333.0 10.382489631693323   
333.0 10.382489631693323   
333.0 10.382489631693323   
333.0 10.382489631693323   
      
333.75 10.353884256702395   
333.75 10.353884256702395   
333.75 10.353884256702395   
333.75 10.353884256702395   
333.75 10.353884256702395   
      
334.5 10.324263498793327   
334.5 10.324263498793327   
334.5 10.324263498793327   
334.5 10.324263498793327   
334.5 10.324263498793327   
      
335.25 10.30112554231984   
335.25 10.30112554231984   
335.25 10.30112554231984   
335.25 10.30112554231984   
335.25 10.30112554231984   
      
336.0 10.290144445384236   
336.0 10.290144445384236   
336.0 10.290144445384236   
336.0 10.290144445384236   
336.0 10.290144445384236   
      
336.75 10.293756128777325   
336.75 10.293756128777325   
336.75 10.293756128777325   
336.75 10.293756128777325   
336.75 10.293756128777325   
      
337.5 10.310763532839832   
337.5 10.310763532839832   
337.5 10.310763532839832   
337.5 10.310763532839832   
337.5 10.310763532839832   
      
338.25 10.336845071804987   
338.25 10.336845071804987   
338.25 10.336845071804987   
338.25 10.336845071804987   
338.25 10.336845071804987   
      
339.0 10.365637747597106   
339.0 10.365637747597106   
339.0 10.365637747597106   
339.0 10.365637747597106   
339.0 10.365637747597106   
      
339.75 10.390240471353568   
339.75 10.390240471353568   
339.75 10.390240471353568   
339.75 10.390240471353568   
339.75 10.390240471353568   
      
340.5 10.404941006019259   
340.5 10.404941006019259   
340.5 10.404941006019259   
340.5 10.404941006019259   
340.5 10.404941006019259   
      
341.25 10.406665187417087   
341.25 10.406665187417087   
341.25 10.406665187417087   
341.25 10.406665187417087   
341.25 10.406665187417087   
      
342.0 10.395629179752802   
342.0 10.395629179752802   
342.0 10.395629179752802   
342.0 10.395629179752802   
342.0 10.395629179752802   
      
342.75 10.37510780038165   
342.75 10.37510780038165   
342.75 10.37510780038165   
342.75 10.37510780038165   
342.75 10.37510780038165   
      
343.5 10.350556168746023   
343.5 10.350556168746023   
343.5 10.350556168746023   
343.5 10.350556168746023   
343.5 10.350556168746023   
      
344.25 10.328286371281889   
344.25 10.328286371281889   
344.25 10.328286371281889   
344.25 10.328286371281889   
344.25 10.328286371281889   
      
345.0 10.313895631758436   
345.0 10.313895631758436   
345.0 10.313895631758436   
345.0 10.313895631758436   
345.0 10.313895631758436   
      
345.75 10.310851803793216   
345.75 10.310851803793216   
345.75 10.310851803793216   
345.75 10.310851803793216   
345.75 10.310851803793216   
      
346.5 10.319712746256899   
346.5 10.319712746256899   
346.5 10.319712746256899   
346.5 10.319712746256899   
346.5 10.319712746256899   
      
347.25 10.33814956720473   
347.25 10.33814956720473   
347.25 10.33814956720473   
347.25 10.33814956720473   
347.25 10.33814956720473   
      
348.0 10.361614276570895   
348.0 10.361614276570895   
348.0 10.361614276570895   
348.0 10.361614276570895   
348.0 10.361614276570895   
      
348.75 10.384453233738073   
348.75 10.384453233738073   
348.75 10.384453233738073   
348.75 10.384453233738073   
348.75 10.384453233738073   
      
349.5 10.401294976089304   
349.5 10.401294976089304   
349.5 10.401294976089304   
349.5 10.401294976089304   
349.5 10.401294976089304   
      
