0.0 1.0064494127341466   
0.0 2.000377552877491   
0.0 2.997840461068821   
0.0 3.999614611811502   
0.0 0.009750000000000003   
      
0.75 1.0130687896329096   
0.75 2.002325974871031   
0.75 2.9964765242302467   
0.75 3.9979627287812   
0.75 0.018628801161926334   
      
1.5 1.0201444262635448   
1.5 2.004976205189683   
1.5 2.9953256373844437   
1.5 3.9956106217611977   
1.5 0.027723874413308064   
      
2.25 1.02784440733916   
2.25 2.0080929071157696   
2.25 2.9941522307140316   
2.25 3.992626371347259   
2.25 0.03746532743304387   
      
3.0 1.0363127294082886   
3.0 2.0116150713222907   
3.0 2.9928200494624657   
3.0 3.988941505655961   
3.0 0.04811756354245571   
      
3.75 1.0456961898301471   
3.75 2.0155383132372027   
3.75 2.9912235298065486   
3.75 3.9844388315293453   
3.75 0.059910601583770956   
      
4.5 1.0561547721079354   
4.5 2.0198834509968777   
4.5 2.9892658567656305   
4.5 3.978971377489957   
4.5 0.07308037219293359   
      
5.25 1.06786786938486   
5.25 2.0246874827618755   
5.25 2.9868497142413166   
5.25 3.9723637328772097   
5.25 0.08788579556656453   
      
6.0 1.0810394666198657   
6.0 2.0300007777839517   
6.0 2.983871853675242   
6.0 3.964408509673309   
6.0 0.10462001995530515   
      
6.75 1.095903124648637   
6.75 2.035886253539438   
6.75 2.9802190401327713   
6.75 3.9548610394021857   
6.75 0.12362052018400853   
      
7.5 1.1127269966977098   
7.5 2.0424193355850044   
7.5 2.97576463855615   
7.5 3.9434330435561136   
7.5 0.14527951770234485   
      
8.25 1.1318188844028763   
8.25 2.0496882696214054   
8.25 2.9703656099847575   
8.25 3.929785464504329   
8.25 0.17005530932844187   
      
9.0 1.1535311875177117   
9.0 2.057794546645399   
9.0 2.9638598953645694   
9.0 3.9135205755173352   
9.0 0.19848479597130655   
      
9.75 1.1782654274991675   
9.75 2.0668532297988023   
9.75 2.9560643086564866   
9.75 3.8941735877512063   
9.75 0.23119731460649964   
      
10.5 1.2064757881377612   
10.5 2.0769929391258093   
10.5 2.94677321114535   
10.5 3.871204187591309   
10.5 0.2689296417938341   
      
11.25 1.2386707807230706   
11.25 2.0883551819931587   
11.25 2.9357584242197428   
11.25 3.8439887981489442   
11.25 0.31254165821509755   
      
12.0 1.275411666713665   
12.0 2.1010926165536508   
12.0 2.9227710775720315   
12.0 3.811814931664705   
12.0 0.3630315251517886   
      
12.75 1.317305612349339   
12.75 2.115365704058288   
12.75 2.907546398699538   
12.75 3.773879887706648   
12.75 0.42154815324041583   
      
13.5 1.3649906649508108   
13.5 2.1313370474325253   
13.5 2.8898128350969468   
13.5 3.72929739409726   
13.5 0.4893969803228472   
      
14.25 1.4191085133389238   
14.25 2.1491625434357933   
14.25 2.8693073514002987   
14.25 3.677117748139362   
14.25 0.5680322393286477   
      
15.0 1.480259685146595   
15.0 2.168978330434379   
15.0 2.8457992085523593   
15.0 3.6163697376357202   
15.0 0.6590244853970258   
      
15.75 1.5489345810002444   
15.75 2.1908824680224557   
15.75 2.819124881069356   
15.75 3.546136086854084   
15.75 0.7639856253196807   
      
16.5 1.625413151431696   
16.5 2.2149104756204023   
16.5 2.7892367330296897   
16.5 3.4656778783583575   
16.5 0.8844248412703393   
      
17.25 1.7096273370472166   
17.25 2.241004514497818   
17.25 2.756267162438333   
17.25 3.3746256993992105   
17.25 1.0214987774302289   
      
18.0 1.8009858519441353   
18.0 2.2689774677350596   
18.0 2.720607338697678   
18.0 3.2732522547534186   
18.0 1.1756131065690172   
      
18.75 1.8981738376845974   
18.75 2.29847590175846   
18.75 2.682994282516503   
18.75 3.1628254420634496   
18.75 1.3458434230423806   
      
19.5 1.9989639717957743   
19.5 2.32895029077116   
19.5 2.644590685300492   
19.5 3.046001464188218   
19.5 1.529198484120693   
      
20.25 2.100111569128895   
20.25 2.359646920170903   
20.25 2.607028127943924   
20.25 2.927145422359143   
20.25 1.7198861497254114   
      
21.0 2.197445440276069   
21.0 2.3896422133166313   
21.0 2.572368491216068   
21.0 2.8123715777356084   
21.0 1.9089732974782505   
      
21.75 2.286282454657709   
21.75 2.4179427720959796   
21.75 2.542928296722128   
21.75 2.709032072284531   
21.75 2.0850432367210736   
      
22.5 2.362241793165994   
22.5 2.443665001646226   
22.5 2.520922961099378   
22.5 2.6244599690726513   
22.5 2.2363335063877465   
      
23.25 2.4223714539412806   
23.25 2.4662756083960713   
23.25 2.507945551242773   
23.25 2.564086129489577   
23.25 2.3540828291572327   
      
24.0 2.466231388759019   
24.0 2.485813248620334   
24.0 2.504411236971365   
24.0 2.529542870015594   
24.0 2.435716237086093   
      
24.75 2.49632247728089   
24.75 2.5029448371456833   
24.75 2.509239040615552   
24.75 2.5177577879181507   
24.75 2.486003017348367   
      
25.5 2.517277823988548   
25.5 2.5187116119349224   
25.5 2.5200751328773627   
25.5 2.521922073558228   
25.5 2.515044814282127   
      
26.25 2.5338624304873685   
26.25 2.5339828756965157   
26.25 2.534097468169109   
26.25 2.5342527695519896   
26.25 2.533674948525512   
      
27.0 2.5489179682802767   
27.0 2.548911518325935   
27.0 2.5489053822543055   
27.0 2.54889706707021   
27.0 2.5489280091045994   
      
27.75 2.562744342581271   
27.75 2.5627455555429752   
27.75 2.5627467094784033   
27.75 2.562748273215314   
27.75 2.562742454333493   
      
28.5 2.5739397443823617   
28.5 2.573939367628364   
28.5 2.573939009208396   
28.5 2.573938523501494   
28.5 2.5739403308848763   
      
29.25 2.580114676845765   
29.25 2.5801148327538748   
29.25 2.580114981075016   
29.25 2.5801151820699744   
29.25 2.58011443413967   
      
30.0 2.577689238828531   
30.0 2.5776891618148707   
30.0 2.5776890885489347   
30.0 2.5776889892638066   
30.0 2.5776893587176453   
      
30.75 2.5614102870036985   
30.75 2.5614103294938615   
30.75 2.5614103699163215   
30.75 2.561410424694153   
30.75 2.5614102208581873   
      
31.5 2.524030652964234   
31.5 2.5240306278553626   
31.5 2.524030603968366   
31.5 2.5240305715982965   
31.5 2.5240306920518503   
      
32.25 2.4563082132334246   
32.25 2.456308228697958   
32.25 2.4563082434099393   
32.25 2.4563082633466387   
32.25 2.4563081891593943   
      
33.0 2.34779713634933   
33.0 2.347797126625679   
33.0 2.34779711737521   
33.0 2.3477971048395903   
33.0 2.3477971514863842   
      
33.75 2.1899859175609406   
33.75 2.189985923692725   
33.75 2.189985929526119   
33.75 2.1899859374311452   
33.75 2.1899859080154362   
      
34.5 1.9854825686410646   
34.5 1.9854825647749237   
34.5 1.9854825610969198   
34.5 1.9854825561127352   
34.5 1.9854825746595839   
      
35.25 1.7660321876433605   
35.25 1.7660321901924205   
35.25 1.766032192617436   
35.25 1.766032195903655   
35.25 1.7660321836751751   
      
36.0 1.6034674030163394   
36.0 1.603467401083531   
36.0 1.6034673992447785   
36.0 1.6034673967530235   
36.0 1.6034674060251912   
      
36.75 1.5651831419495232   
36.75 1.5651831437247292   
36.75 1.5651831454135483   
36.75 1.5651831477021239   
36.75 1.5651831391860156   
      
37.5 1.6558403653264933   
37.5 1.655840363431611   
37.5 1.6558403616289405   
37.5 1.6558403591860797   
37.5 1.6558403682763032   
      
38.25 1.8758450139465401   
38.25 1.8758450161395972   
38.25 1.8758450182259319   
38.25 1.8758450210531965   
38.25 1.8758450105325541   
      
39.0 2.2136350471276067   
39.0 2.2136350444620057   
39.0 2.2136350419261213   
39.0 2.2136350384896577   
39.0 2.213635051277215   
      
39.75 2.6068127769469505   
39.75 2.6068127804895576   
39.75 2.6068127838597697   
39.75 2.60681278842686   
39.75 2.6068127714320846   
      
40.5 2.933133262345911   
40.5 2.9331332570208937   
40.5 2.93313325195501   
40.5 2.9331332450900547   
40.5 2.9331332706355004   
      
41.25 3.2232777407597046   
41.25 3.2232777491016806   
41.25 3.2232777570377076   
41.25 3.223277767792092   
41.25 3.223277727773539   
      
42.0 3.4684591872638673   
42.0 3.4684591747859583   
42.0 3.4684591629152672   
42.0 3.4684591468288835   
42.0 3.4684592066885434   
      
42.75 3.80091729386205   
42.75 3.8009173116283055   
42.75 3.8009173285299944   
42.75 3.8009173514340553   
42.75 3.8009172662048702   
      
43.5 4.17316811555879   
43.5 4.173168091801045   
43.5 4.173168069199434   
43.5 4.173168038571214   
43.5 4.17316815254307   
      
44.25 4.607032726700315   
44.25 4.607032756916965   
44.25 4.607032785663169   
44.25 4.607032824618141   
44.25 4.607032679661291   
      
45.0 4.904222013637011   
45.0 4.9042219762657275   
45.0 4.904221940713059   
45.0 4.904221892534412   
45.0 4.9042220718138365   
      
45.75 5.255984132423137   
45.75 5.255984178353347   
45.75 5.255984222048432   
45.75 5.255984281261152   
45.75 5.255984060922415   
      
46.5 5.404438169823292   
46.5 5.40443811280535   
46.5 5.4044380585621   
46.5 5.404437985055198   
46.5 5.40443825858457   
      
47.25 5.666422416090282   
47.25 5.666422487056233   
47.25 5.666422554568734   
47.25 5.6664226460572555   
47.25 5.666422305615787   
      
48.0 5.6887123667191455   
48.0 5.6887122816521165   
48.0 5.688712200724747   
48.0 5.688712091057271   
48.0 5.68871249914515   
      
48.75 5.946579007636887   
48.75 5.946579108037613   
48.75 5.94657920355249   
48.75 5.946579332988   
48.75 5.946578851340526   
      
49.5 5.915638420651711   
49.5 5.915638300502418   
49.5 5.915638186200008   
49.5 5.915638031304868   
49.5 5.9156386076911796   
      
50.25 6.3327169375094865   
50.25 6.332717096236627   
50.25 6.332717247239554   
50.25 6.33271745186883   
50.25 6.332716690414904   
      
51.0 6.443909569359206   
51.0 6.443909346755273   
51.0 6.443909134984035   
51.0 6.443908848005549   
51.0 6.443909915892452   
      
51.75 7.48399371240968   
51.75 7.483994124445604   
51.75 7.4839945164304025   
51.75 7.483995047622482   
51.75 7.483993070982791   
      
52.5 6.719036319054955   
52.5 6.719035433721195   
52.5 6.719034591471094   
52.5 6.719033450109311   
52.5 6.719037697277122   
      
53.25 9.770418902701413   
53.25 9.770420539339712   
53.25 9.770422096331282   
53.25 9.770424206260813   
53.25 9.770416354900075   
      
54.0 6.31022760562772   
54.0 6.310230174480024   
54.0 6.310232618325814   
54.0 6.3102359300698465   
54.0 6.310223606635755   
      
54.75 10.828502643908198   
54.75 10.82850655585852   
54.75 10.82851027742015   
54.75 10.828515320606204   
54.75 10.828496554033354   
      
55.5 8.00149281797173   
55.5 8.001502949169936   
55.5 8.001512587326925   
55.5 8.001525648291832   
55.5 8.001477046430125   
      
56.25 11.796783451538639   
56.25 11.796781160885761   
56.25 11.796778981393906   
56.25 11.796776027406816   
56.25 11.796787016791527   
      
57.0 9.852274049252676   
57.0 9.852269269726293   
57.0 9.852264722150057   
57.0 9.85225855857964   
57.0 9.852281488294944   
      
57.75 11.654035572126023   
57.75 11.654039006488006   
57.75 11.654042274157016   
57.75 11.654046702964834   
57.75 11.654030226699852   
      
58.5 9.531133845404348   
58.5 9.531126555457663   
58.5 9.531119619352294   
58.5 9.531110218576433   
58.5 9.531145191893101   
      
59.25 12.601119615154808   
59.25 12.601130305972369   
59.25 12.60114047774825   
59.25 12.601154263756131   
59.25 12.601102975082357   
      
60.0 8.945656124411357   
60.0 8.945693102875104   
60.0 8.945728286156518   
60.0 8.945775970953084   
60.0 8.945598568352786   
      
60.75 11.427874663991275   
60.75 11.427817691992555   
60.75 11.427763481287474   
60.75 11.427690001122096   
60.75 11.42796332982643   
      
61.5 8.184482089335734   
61.5 8.184303491877602   
61.5 8.184133559007218   
61.5 8.183903235752071   
61.5 8.184760059548822   
      
62.25 8.075812639937148   
62.25 8.076044630441263   
62.25 8.07626532844059   
62.25 8.076564399127546   
62.25 8.075451487961091   
      
63.0 5.603479867242216   
63.0 5.603174570884631   
63.0 5.602884198793678   
63.0 5.602490810674139   
63.0 5.603955274392284   
      
63.75 7.367033423871829   
63.75 7.36730699738462   
63.75 7.367567027521169   
63.75 7.36791904498523   
63.75 7.366607051071581   
      
64.5 3.476891407765537   
64.5 3.4770014614707936   
64.5 3.4771062756278397   
64.5 3.477248492554506   
64.5 3.476720334536401   
      
65.25 6.390113955430965   
65.25 6.3902881680620744   
65.25 6.390454060423397   
65.25 6.390679110377743   
65.25 6.389843094315179   
      
66.0 2.458870847601606   
66.0 2.4589405184865747   
66.0 2.459006962144062   
66.0 2.4590972560194606   
66.0 2.4587627392817475   
      
66.75 4.759423890319306   
66.75 4.759594692112981   
66.75 4.75975757069285   
66.75 4.759978897199648   
66.75 4.759158832724698   
      
67.5 2.7301240795287245   
67.5 2.730026220567006   
67.5 2.7299329489549726   
67.5 2.7298062822748306   
67.5 2.7302760429555843   
      
68.25 4.324764163286832   
68.25 4.32480414611658   
68.25 4.3248422416261   
68.25 4.324893956514346   
68.25 4.324702046903305   
      
69.0 2.3226287648407093   
69.0 2.3225983970675355   
69.0 2.32256946457029   
69.0 2.3225301913661176   
69.0 2.322675947374218   
      
69.75 3.7834999531149696   
69.75 3.7835227557029256   
69.75 3.783544479353673   
69.75 3.783573965313797   
69.75 3.783464522048333   
      
70.5 1.189849042979478   
70.5 1.189838403558122   
70.5 1.1898282685157233   
70.5 1.1898145135109917   
70.5 1.189865576748145   
      
71.25 3.947682871680945   
71.25 3.947683215612659   
71.25 3.947683542951932   
71.25 3.947683986758741   
71.25 3.9476823365934637   
      
72.0 1.18661706159266   
72.0 1.1866172790733303   
72.0 1.1866174860622167   
72.0 1.1866177666982445   
72.0 1.186616723237654   
      
72.75 3.8569600264342747   
72.75 3.856960010306156   
72.75 3.8569599949559996   
72.75 3.8569599741440754   
72.75 3.8569600515260953   
      
73.5 0.8368504856683914   
73.5 0.8368504831079822   
73.5 0.8368504806710777   
73.5 0.8368504773670944   
73.5 0.8368504896518298   
      
74.25 3.4550448132890677   
74.25 3.455044810751608   
74.25 3.4550448083365466   
74.25 3.455044805062177   
74.25 3.4550448172368013   
      
75.0 0.35058526430707904   
75.0 0.3505852644277132   
75.0 0.3505852645425285   
75.0 0.3505852646981986   
75.0 0.3505852641193976   
      
75.75 2.383463960381869   
75.75 2.383463960485078   
75.75 2.3834639605833092   
75.75 2.3834639607164934   
75.75 2.383463960221298   
      
76.5 26.557403567231646   
76.5 26.557403567178568   
76.5 26.55740356712805   
76.5 26.557403567059552   
76.5 26.557403567314225   
      
77.25 0.9973900815560839   
77.25 0.9973900815539416   
77.25 0.9973900815518952   
77.25 0.9973900815491241   
77.25 0.9973900815594305   
      
78.0 25.302053107614164   
78.0 25.30205310761508   
78.0 25.302053107615954   
78.0 25.302053107617137   
78.0 25.302053107612732   
      
78.75 0.22539724395202043   
78.75 0.2253972439513987   
78.75 0.22539724395080896   
78.75 0.22539724395001315   
78.75 0.22539724395298322   
      
79.5 24.135105073370063   
79.5 24.135105073369722   
79.5 24.1351050733694   
79.5 24.135105073368965   
79.5 24.13510507337059   
      
80.25 26.499147326361275   
80.25 26.49914732636106   
80.25 26.499147326360866   
80.25 26.4991473263606   
80.25 26.49914732636159   
      
81.0 24.070276255343245   
81.0 24.070276255343117   
81.0 24.070276255343003   
81.0 24.070276255342844   
81.0 24.070276255343433   
      
81.75 25.59232198756571   
81.75 25.592321987565764   
81.75 25.592321987565818   
81.75 25.592321987565885   
81.75 25.592321987565633   
      
82.5 24.25903831592027   
82.5 24.25903831592026   
82.5 24.25903831592025   
82.5 24.259038315920236   
82.5 24.259038315920286   
      
83.25 25.135416588115618   
83.25 25.135416588115625   
83.25 25.135416588115636   
83.25 25.13541658811564   
83.25 25.135416588115607   
      
84.0 24.48097171978642   
84.0 24.480971719786414   
84.0 24.48097171978641   
84.0 24.480971719786403   
84.0 24.480971719786428   
      
84.75 25.0942044699134   
84.75 25.094204469913407   
84.75 25.09420446991341   
84.75 25.094204469913418   
84.75 25.094204469913393   
      
85.5 24.52249136850425   
85.5 24.522491368504244   
85.5 24.52249136850424   
85.5 24.522491368504234   
85.5 24.522491368504262   
      
86.25 25.202134969435285   
86.25 25.202134969435296   
86.25 25.2021349694353   
86.25 25.202134969435303   
86.25 25.202134969435278   
      
87.0 24.429677193064705   
87.0 24.429677193064688   
87.0 24.429677193064688   
87.0 24.429677193064684   
87.0 24.42967719306471   
      
87.75 25.31743642235052   
87.75 25.317436422350532   
87.75 25.317436422350532   
87.75 25.31743642235054   
87.75 25.317436422350514   
      
88.5 23.99660636796208   
88.5 23.996606367962062   
88.5 23.996606367962062   
88.5 23.996606367962055   
88.5 23.996606367962084   
      
89.25 25.296904648291697   
89.25 25.29690464829171   
89.25 25.29690464829171   
89.25 25.296904648291715   
89.25 25.296904648291697   
      
90.0 23.59272085503063   
90.0 23.592720855030624   
90.0 23.592720855030624   
90.0 23.592720855030624   
90.0 23.59272085503063   
      
90.75 24.801432987817364   
90.75 24.80143298781737   
90.75 24.80143298781737   
90.75 24.80143298781737   
90.75 24.801432987817364   
      
91.5 23.474656938669064   
91.5 23.474656938669057   
91.5 23.474656938669057   
91.5 23.474656938669057   
91.5 23.474656938669064   
      
92.25 23.996085062310982   
92.25 23.996085062310986   
92.25 23.996085062310986   
92.25 23.996085062310986   
92.25 23.996085062310982   
      
93.0 23.213058088351325   
93.0 23.213058088351325   
93.0 23.213058088351325   
93.0 23.213058088351325   
93.0 23.213058088351325   
      
93.75 23.17090382295216   
93.75 23.17090382295216   
93.75 23.17090382295216   
93.75 23.17090382295216   
93.75 23.17090382295216   
      
94.5 22.716065500207694   
94.5 22.716065500207694   
94.5 22.716065500207694   
94.5 22.716065500207694   
94.5 22.716065500207694   
      
95.25 22.567747870139033   
95.25 22.567747870139033   
95.25 22.567747870139033   
95.25 22.567747870139033   
95.25 22.567747870139033   
      
96.0 22.288870348234717   
96.0 22.288870348234717   
96.0 22.288870348234717   
96.0 22.288870348234717   
96.0 22.288870348234717   
      
96.75 22.187741907292878   
96.75 22.187741907292878   
96.75 22.187741907292878   
96.75 22.187741907292878   
96.75 22.187741907292878   
      
97.5 21.987853069193346   
97.5 21.987853069193346   
97.5 21.987853069193346   
97.5 21.987853069193346   
97.5 21.987853069193346   
      
98.25 21.93804179114042   
98.25 21.93804179114042   
98.25 21.93804179114042   
98.25 21.93804179114042   
98.25 21.93804179114042   
      
99.0 21.7823905926024   
99.0 21.7823905926024   
99.0 21.7823905926024   
99.0 21.7823905926024   
99.0 21.7823905926024   
      
99.75 21.766011661232167   
99.75 21.766011661232167   
99.75 21.766011661232167   
99.75 21.766011661232167   
99.75 21.766011661232167   
      
100.5 21.59030945460593   
100.5 21.59030945460593   
100.5 21.59030945460593   
100.5 21.59030945460593   
100.5 21.59030945460593   
      
101.25 21.51773969700351   
101.25 21.51773969700351   
101.25 21.51773969700351   
101.25 21.51773969700351   
101.25 21.51773969700351   
      
102.0 21.21434973041145   
102.0 21.21434973041145   
102.0 21.21434973041145   
102.0 21.21434973041145   
102.0 21.21434973041145   
      
102.75 21.078920171583427   
102.75 21.078920171583427   
102.75 21.078920171583427   
102.75 21.078920171583427   
102.75 21.078920171583427   
      
103.5 20.6508679360539   
103.5 20.6508679360539   
103.5 20.6508679360539   
103.5 20.6508679360539   
103.5 20.6508679360539   
      
104.25 20.5180811334576   
104.25 20.5180811334576   
104.25 20.5180811334576   
104.25 20.5180811334576   
104.25 20.5180811334576   
      
105.0 19.950591187975153   
105.0 19.950591187975153   
105.0 19.950591187975153   
105.0 19.950591187975153   
105.0 19.950591187975153   
      
105.75 19.876970774387466   
105.75 19.876970774387466   
105.75 19.876970774387466   
105.75 19.876970774387466   
105.75 19.876970774387466   
      
106.5 19.118544455199224   
106.5 19.118544455199224   
106.5 19.118544455199224   
106.5 19.118544455199224   
106.5 19.118544455199224   
      
107.25 19.312894054568588   
107.25 19.312894054568588   
107.25 19.312894054568588   
107.25 19.312894054568588   
107.25 19.312894054568588   
      
108.0 18.266090004198112   
108.0 18.266090004198112   
108.0 18.266090004198112   
108.0 18.266090004198112   
108.0 18.266090004198112   
      
108.75 19.210065400237404   
108.75 19.210065400237404   
108.75 19.210065400237404   
108.75 19.210065400237404   
108.75 19.210065400237404   
      
109.5 17.36379391975926   
109.5 17.36379391975926   
109.5 17.36379391975926   
109.5 17.36379391975926   
109.5 17.36379391975926   
      
110.25 19.529269784607603   
110.25 19.529269784607603   
110.25 19.529269784607603   
110.25 19.529269784607603   
110.25 19.529269784607603   
      
111.0 16.53659412073869   
111.0 16.53659412073869   
111.0 16.53659412073869   
111.0 16.53659412073869   
111.0 16.53659412073869   
      
111.75 19.26385792397483   
111.75 19.26385792397483   
111.75 19.26385792397483   
111.75 19.26385792397483   
111.75 19.26385792397483   
      
112.5 15.80882538547959   
112.5 15.80882538547959   
112.5 15.80882538547959   
112.5 15.80882538547959   
112.5 15.80882538547959   
      
113.25 18.385537042659355   
113.25 18.385537042659355   
113.25 18.385537042659355   
113.25 18.385537042659355   
113.25 18.385537042659355   
      
114.0 14.81422281210919   
114.0 14.81422281210919   
114.0 14.81422281210919   
114.0 14.81422281210919   
114.0 14.81422281210919   
      
114.75 17.297920964599246   
114.75 17.297920964599246   
114.75 17.297920964599246   
114.75 17.297920964599246   
114.75 17.297920964599246   
      
115.5 13.64463881325998   
115.5 13.64463881325998   
115.5 13.64463881325998   
115.5 13.64463881325998   
115.5 13.64463881325998   
      
116.25 16.798584086256064   
116.25 16.798584086256064   
116.25 16.798584086256064   
116.25 16.798584086256064   
116.25 16.798584086256064   
      
117.0 13.395176569468203   
117.0 13.395176569468203   
117.0 13.395176569468203   
117.0 13.395176569468203   
117.0 13.395176569468203   
      
117.75 16.77469035947592   
117.75 16.77469035947592   
117.75 16.77469035947592   
117.75 16.77469035947592   
117.75 16.77469035947592   
      
118.5 13.441842711490368   
118.5 13.441842711490368   
118.5 13.441842711490368   
118.5 13.441842711490368   
118.5 13.441842711490368   
      
119.25 16.76365049464024   
119.25 16.76365049464024   
119.25 16.76365049464024   
119.25 16.76365049464024   
119.25 16.76365049464024   
      
120.0 12.88793314814421   
120.0 12.88793314814421   
120.0 12.88793314814421   
120.0 12.88793314814421   
120.0 12.88793314814421   
      
120.75 15.520111465264765   
120.75 15.520111465264765   
120.75 15.520111465264765   
120.75 15.520111465264765   
120.75 15.520111465264765   
      
121.5 11.640940003794691   
121.5 11.640940003794691   
121.5 11.640940003794691   
121.5 11.640940003794691   
121.5 11.640940003794691   
      
122.25 13.1664888880107   
122.25 13.1664888880107   
122.25 13.1664888880107   
122.25 13.1664888880107   
122.25 13.1664888880107   
      
123.0 10.343221114618336   
123.0 10.343221114618336   
123.0 10.343221114618336   
123.0 10.343221114618336   
123.0 10.343221114618336   
      
123.75 12.448730183913675   
123.75 12.448730183913675   
123.75 12.448730183913675   
123.75 12.448730183913675   
123.75 12.448730183913675   
      
124.5 8.938580886482374   
124.5 8.938580886482374   
124.5 8.938580886482374   
124.5 8.938580886482374   
124.5 8.938580886482374   
      
125.25 10.246932521281401   
125.25 10.246932521281401   
125.25 10.246932521281401   
125.25 10.246932521281401   
125.25 10.246932521281401   
      
126.0 7.618718000847313   
126.0 7.618718000847313   
126.0 7.618718000847313   
126.0 7.618718000847313   
126.0 7.618718000847313   
      
126.75 7.4322539214675825   
126.75 7.4322539214675825   
126.75 7.4322539214675825   
126.75 7.4322539214675825   
126.75 7.4322539214675825   
      
127.5 5.76499729326308   
127.5 5.76499729326308   
127.5 5.76499729326308   
127.5 5.76499729326308   
127.5 5.76499729326308   
      
128.25 6.5453581014836   
128.25 6.5453581014836   
128.25 6.5453581014836   
128.25 6.5453581014836   
128.25 6.5453581014836   
      
129.0 4.332621658689099   
129.0 4.332621658689099   
129.0 4.332621658689099   
129.0 4.332621658689099   
129.0 4.332621658689099   
      
129.75 7.278360571375677   
129.75 7.278360571375677   
129.75 7.278360571375677   
129.75 7.278360571375677   
129.75 7.278360571375677   
      
130.5 3.6493227116478733   
130.5 3.6493227116478733   
130.5 3.6493227116478733   
130.5 3.6493227116478733   
130.5 3.6493227116478733   
      
131.25 6.430927226775557   
131.25 6.430927226775557   
131.25 6.430927226775557   
131.25 6.430927226775557   
131.25 6.430927226775557   
      
132.0 3.849506066605338   
132.0 3.849506066605338   
132.0 3.849506066605338   
132.0 3.849506066605338   
132.0 3.849506066605338   
      
132.75 5.353463788832894   
132.75 5.353463788832894   
132.75 5.353463788832894   
132.75 5.353463788832894   
132.75 5.353463788832894   
      
133.5 3.370541066737309   
133.5 3.370541066737309   
133.5 3.370541066737309   
133.5 3.370541066737309   
133.5 3.370541066737309   
      
134.25 4.5865106947988945   
134.25 4.5865106947988945   
134.25 4.5865106947988945   
134.25 4.5865106947988945   
134.25 4.5865106947988945   
      
135.0 2.720177168941189   
135.0 2.720177168941189   
135.0 2.720177168941189   
135.0 2.720177168941189   
135.0 2.720177168941189   
      
135.75 3.12756518291211   
135.75 3.12756518291211   
135.75 3.12756518291211   
135.75 3.12756518291211   
135.75 3.12756518291211   
      
136.5 2.077043773634734   
136.5 2.077043773634734   
136.5 2.077043773634734   
136.5 2.077043773634734   
136.5 2.077043773634734   
      
137.25 2.051709086940942   
137.25 2.051709086940942   
137.25 2.051709086940942   
137.25 2.051709086940942   
137.25 2.051709086940942   
      
138.0 1.3853544067709807   
138.0 1.3853544067709807   
138.0 1.3853544067709807   
138.0 1.3853544067709807   
138.0 1.3853544067709807   
      
138.75 1.4160850103975202   
138.75 1.4160850103975202   
138.75 1.4160850103975202   
138.75 1.4160850103975202   
138.75 1.4160850103975202   
      
139.5 0.6529341024783508   
139.5 0.6529341024783508   
139.5 0.6529341024783508   
139.5 0.6529341024783508   
139.5 0.6529341024783508   
      
140.25 0.6726820229447481   
140.25 0.6726820229447481   
140.25 0.6726820229447481   
140.25 0.6726820229447481   
140.25 0.6726820229447481   
      
141.0 26.833542223691644   
141.0 26.833542223691644   
141.0 26.833542223691644   
141.0 26.833542223691644   
141.0 26.833542223691644   
      
141.75 26.620603197983186   
141.75 26.620603197983186   
141.75 26.620603197983186   
141.75 26.620603197983186   
141.75 26.620603197983186   
      
142.5 26.00773450510483   
142.5 26.00773450510483   
142.5 26.00773450510483   
142.5 26.00773450510483   
142.5 26.00773450510483   
      
143.25 25.619951421827338   
143.25 25.619951421827338   
143.25 25.619951421827338   
143.25 25.619951421827338   
143.25 25.619951421827338   
      
144.0 25.17144130744387   
144.0 25.17144130744387   
144.0 25.17144130744387   
144.0 25.17144130744387   
144.0 25.17144130744387   
      
144.75 24.733089975789937   
144.75 24.733089975789937   
144.75 24.733089975789937   
144.75 24.733089975789937   
144.75 24.733089975789937   
      
145.5 24.237365734159827   
145.5 24.237365734159827   
145.5 24.237365734159827   
145.5 24.237365734159827   
145.5 24.237365734159827   
      
146.25 23.72778858328786   
146.25 23.72778858328786   
146.25 23.72778858328786   
146.25 23.72778858328786   
146.25 23.72778858328786   
      
147.0 23.259050562362326   
147.0 23.259050562362326   
147.0 23.259050562362326   
147.0 23.259050562362326   
147.0 23.259050562362326   
      
147.75 22.872292673485617   
147.75 22.872292673485617   
147.75 22.872292673485617   
147.75 22.872292673485617   
147.75 22.872292673485617   
      
148.5 22.551189936548095   
148.5 22.551189936548095   
148.5 22.551189936548095   
148.5 22.551189936548095   
148.5 22.551189936548095   
      
149.25 22.278302182952043   
149.25 22.278302182952043   
149.25 22.278302182952043   
149.25 22.278302182952043   
149.25 22.278302182952043   
      
150.0 22.038196299738665   
150.0 22.038196299738665   
150.0 22.038196299738665   
150.0 22.038196299738665   
150.0 22.038196299738665   
      
150.75 21.81866100289377   
150.75 21.81866100289377   
150.75 21.81866100289377   
150.75 21.81866100289377   
150.75 21.81866100289377   
      
151.5 21.608301762482082   
151.5 21.608301762482082   
151.5 21.608301762482082   
151.5 21.608301762482082   
151.5 21.608301762482082   
      
152.25 21.40282447652013   
152.25 21.40282447652013   
152.25 21.40282447652013   
152.25 21.40282447652013   
152.25 21.40282447652013   
      
153.0 21.204998399379278   
153.0 21.204998399379278   
153.0 21.204998399379278   
153.0 21.204998399379278   
153.0 21.204998399379278   
      
153.75 21.02235551685605   
153.75 21.02235551685605   
153.75 21.02235551685605   
153.75 21.02235551685605   
153.75 21.02235551685605   
      
154.5 20.855684062567715   
154.5 20.855684062567715   
154.5 20.855684062567715   
154.5 20.855684062567715   
154.5 20.855684062567715   
      
155.25 20.695936267826266   
155.25 20.695936267826266   
155.25 20.695936267826266   
155.25 20.695936267826266   
155.25 20.695936267826266   
      
156.0 20.53322074261572   
156.0 20.53322074261572   
156.0 20.53322074261572   
156.0 20.53322074261572   
156.0 20.53322074261572   
      
156.75 20.372355953095983   
156.75 20.372355953095983   
156.75 20.372355953095983   
156.75 20.372355953095983   
156.75 20.372355953095983   
      
157.5 20.225020969663092   
157.5 20.225020969663092   
157.5 20.225020969663092   
157.5 20.225020969663092   
157.5 20.225020969663092   
      
158.25 20.06511760579629   
158.25 20.06511760579629   
158.25 20.06511760579629   
158.25 20.06511760579629   
158.25 20.06511760579629   
      
159.0 19.820412957699492   
159.0 19.820412957699492   
159.0 19.820412957699492   
159.0 19.820412957699492   
159.0 19.820412957699492   
      
159.75 19.481120611224828   
159.75 19.481120611224828   
159.75 19.481120611224828   
159.75 19.481120611224828   
159.75 19.481120611224828   
      
160.5 19.103693962131114   
160.5 19.103693962131114   
160.5 19.103693962131114   
160.5 19.103693962131114   
160.5 19.103693962131114   
      
161.25 18.736646468563347   
161.25 18.736646468563347   
161.25 18.736646468563347   
161.25 18.736646468563347   
161.25 18.736646468563347   
      
162.0 18.3737900606081   
162.0 18.3737900606081   
162.0 18.3737900606081   
162.0 18.3737900606081   
162.0 18.3737900606081   
      
162.75 17.994676979815004   
162.75 17.994676979815004   
162.75 17.994676979815004   
162.75 17.994676979815004   
162.75 17.994676979815004   
      
163.5 17.595679934461327   
163.5 17.595679934461327   
163.5 17.595679934461327   
163.5 17.595679934461327   
163.5 17.595679934461327   
      
164.25 17.181795288267956   
164.25 17.181795288267956   
164.25 17.181795288267956   
164.25 17.181795288267956   
164.25 17.181795288267956   
      
165.0 16.743833643693346   
165.0 16.743833643693346   
165.0 16.743833643693346   
165.0 16.743833643693346   
165.0 16.743833643693346   
      
165.75 16.268990159571125   
165.75 16.268990159571125   
165.75 16.268990159571125   
165.75 16.268990159571125   
165.75 16.268990159571125   
      
166.5 15.784827909574718   
166.5 15.784827909574718   
166.5 15.784827909574718   
166.5 15.784827909574718   
166.5 15.784827909574718   
      
167.25 15.279384678471251   
167.25 15.279384678471251   
167.25 15.279384678471251   
167.25 15.279384678471251   
167.25 15.279384678471251   
      
168.0 14.677295445496576   
168.0 14.677295445496576   
168.0 14.677295445496576   
168.0 14.677295445496576   
168.0 14.677295445496576   
      
168.75 14.03632181286834   
168.75 14.03632181286834   
168.75 14.03632181286834   
168.75 14.03632181286834   
168.75 14.03632181286834   
      
169.5 13.563373372930506   
169.5 13.563373372930506   
169.5 13.563373372930506   
169.5 13.563373372930506   
169.5 13.563373372930506   
      
170.25 13.27775408519055   
170.25 13.27775408519055   
170.25 13.27775408519055   
170.25 13.27775408519055   
170.25 13.27775408519055   
      
171.0 13.02339649536074   
171.0 13.02339649536074   
171.0 13.02339649536074   
171.0 13.02339649536074   
171.0 13.02339649536074   
      
171.75 12.808165666102488   
171.75 12.808165666102488   
171.75 12.808165666102488   
171.75 12.808165666102488   
171.75 12.808165666102488   
      
172.5 12.495238363070627   
172.5 12.495238363070627   
172.5 12.495238363070627   
172.5 12.495238363070627   
172.5 12.495238363070627   
      
173.25 12.303503400110731   
173.25 12.303503400110731   
173.25 12.303503400110731   
173.25 12.303503400110731   
173.25 12.303503400110731   
      
174.0 12.05011522262165   
174.0 12.05011522262165   
174.0 12.05011522262165   
174.0 12.05011522262165   
174.0 12.05011522262165   
      
174.75 11.984606739810028   
174.75 11.984606739810028   
174.75 11.984606739810028   
174.75 11.984606739810028   
174.75 11.984606739810028   
      
175.5 11.80112706140297   
175.5 11.80112706140297   
175.5 11.80112706140297   
175.5 11.80112706140297   
175.5 11.80112706140297   
      
176.25 11.628905551600562   
176.25 11.628905551600562   
176.25 11.628905551600562   
176.25 11.628905551600562   
176.25 11.628905551600562   
      
177.0 11.321757288858901   
177.0 11.321757288858901   
177.0 11.321757288858901   
177.0 11.321757288858901   
177.0 11.321757288858901   
      
177.75 10.947904645435964   
177.75 10.947904645435964   
177.75 10.947904645435964   
177.75 10.947904645435964   
177.75 10.947904645435964   
      
178.5 10.478610340922582   
178.5 10.478610340922582   
178.5 10.478610340922582   
178.5 10.478610340922582   
178.5 10.478610340922582   
      
179.25 10.033040439937375   
179.25 10.033040439937375   
179.25 10.033040439937375   
179.25 10.033040439937375   
179.25 10.033040439937375   
      
180.0 9.612641836427139   
180.0 9.612641836427139   
180.0 9.612641836427139   
180.0 9.612641836427139   
180.0 9.612641836427139   
      
180.75 9.229387598780477   
180.75 9.229387598780477   
180.75 9.229387598780477   
180.75 9.229387598780477   
180.75 9.229387598780477   
      
181.5 8.865571894058025   
181.5 8.865571894058025   
181.5 8.865571894058025   
181.5 8.865571894058025   
181.5 8.865571894058025   
      
182.25 8.505129210307665   
182.25 8.505129210307665   
182.25 8.505129210307665   
182.25 8.505129210307665   
182.25 8.505129210307665   
      
183.0 8.095886448586526   
183.0 8.095886448586526   
183.0 8.095886448586526   
183.0 8.095886448586526   
183.0 8.095886448586526   
      
183.75 7.6287227400042665   
183.75 7.6287227400042665   
183.75 7.6287227400042665   
183.75 7.6287227400042665   
183.75 7.6287227400042665   
      
184.5 7.11162446677556   
184.5 7.11162446677556   
184.5 7.11162446677556   
184.5 7.11162446677556   
184.5 7.11162446677556   
      
185.25 6.5692180886648295   
185.25 6.5692180886648295   
185.25 6.5692180886648295   
185.25 6.5692180886648295   
185.25 6.5692180886648295   
      
186.0 6.014281885272395   
186.0 6.014281885272395   
186.0 6.014281885272395   
186.0 6.014281885272395   
186.0 6.014281885272395   
      
186.75 5.466923776529006   
186.75 5.466923776529006   
186.75 5.466923776529006   
186.75 5.466923776529006   
186.75 5.466923776529006   
      
187.5 4.956305599307674   
187.5 4.956305599307674   
187.5 4.956305599307674   
187.5 4.956305599307674   
187.5 4.956305599307674   
      
188.25 4.512136578686639   
188.25 4.512136578686639   
188.25 4.512136578686639   
188.25 4.512136578686639   
188.25 4.512136578686639   
      
189.0 4.136387901533871   
189.0 4.136387901533871   
189.0 4.136387901533871   
189.0 4.136387901533871   
189.0 4.136387901533871   
      
189.75 3.8133673166615725   
189.75 3.8133673166615725   
189.75 3.8133673166615725   
189.75 3.8133673166615725   
189.75 3.8133673166615725   
      
190.5 3.5258904738198553   
190.5 3.5258904738198553   
190.5 3.5258904738198553   
190.5 3.5258904738198553   
190.5 3.5258904738198553   
      
191.25 3.260977215808193   
191.25 3.260977215808193   
191.25 3.260977215808193   
191.25 3.260977215808193   
191.25 3.260977215808193   
      
192.0 3.01299674879886   
192.0 3.01299674879886   
192.0 3.01299674879886   
192.0 3.01299674879886   
192.0 3.01299674879886   
      
192.75 2.782483343655724   
192.75 2.782483343655724   
192.75 2.782483343655724   
192.75 2.782483343655724   
192.75 2.782483343655724   
      
193.5 2.571989773249536   
193.5 2.571989773249536   
193.5 2.571989773249536   
193.5 2.571989773249536   
193.5 2.571989773249536   
      
194.25 2.3795028077666425   
194.25 2.3795028077666425   
194.25 2.3795028077666425   
194.25 2.3795028077666425   
194.25 2.3795028077666425   
      
195.0 2.19632597892058   
195.0 2.19632597892058   
195.0 2.19632597892058   
195.0 2.19632597892058   
195.0 2.19632597892058   
      
195.75 2.01188347962088   
195.75 2.01188347962088   
195.75 2.01188347962088   
195.75 2.01188347962088   
195.75 2.01188347962088   
      
196.5 1.8195255005471949   
196.5 1.8195255005471949   
196.5 1.8195255005471949   
196.5 1.8195255005471949   
196.5 1.8195255005471949   
      
197.25 1.6040664703617715   
197.25 1.6040664703617715   
197.25 1.6040664703617715   
197.25 1.6040664703617715   
197.25 1.6040664703617715   
      
198.0 1.323424490599566   
198.0 1.323424490599566   
198.0 1.323424490599566   
198.0 1.323424490599566   
198.0 1.323424490599566   
      
198.75 0.9541778271884851   
198.75 0.9541778271884851   
198.75 0.9541778271884851   
198.75 0.9541778271884851   
198.75 0.9541778271884851   
      
199.5 0.5300023538385613   
199.5 0.5300023538385613   
199.5 0.5300023538385613   
199.5 0.5300023538385613   
199.5 0.5300023538385613   
      
200.25 0.0915197235913604   
200.25 0.0915197235913604   
200.25 0.0915197235913604   
200.25 0.0915197235913604   
200.25 0.0915197235913604   
      
201.0 26.637491161773955   
201.0 26.637491161773955   
201.0 26.637491161773955   
201.0 26.637491161773955   
201.0 26.637491161773955   
      
201.75 26.14153771748504   
201.75 26.14153771748504   
201.75 26.14153771748504   
201.75 26.14153771748504   
201.75 26.14153771748504   
      
202.5 25.58459915676811   
202.5 25.58459915676811   
202.5 25.58459915676811   
202.5 25.58459915676811   
202.5 25.58459915676811   
      
203.25 24.956929886113947   
203.25 24.956929886113947   
203.25 24.956929886113947   
203.25 24.956929886113947   
203.25 24.956929886113947   
      
204.0 24.253376738588166   
204.0 24.253376738588166   
204.0 24.253376738588166   
204.0 24.253376738588166   
204.0 24.253376738588166   
      
204.75 23.481683504928796   
204.75 23.481683504928796   
204.75 23.481683504928796   
204.75 23.481683504928796   
204.75 23.481683504928796   
      
205.5 22.676569602749993   
205.5 22.676569602749993   
205.5 22.676569602749993   
205.5 22.676569602749993   
205.5 22.676569602749993   
      
206.25 21.867912510278934   
206.25 21.867912510278934   
206.25 21.867912510278934   
206.25 21.867912510278934   
206.25 21.867912510278934   
      
207.0 21.1940329262764   
207.0 21.1940329262764   
207.0 21.1940329262764   
207.0 21.1940329262764   
207.0 21.1940329262764   
      
207.75 20.744865421502382   
207.75 20.744865421502382   
207.75 20.744865421502382   
207.75 20.744865421502382   
207.75 20.744865421502382   
      
208.5 20.25699975291552   
208.5 20.25699975291552   
208.5 20.25699975291552   
208.5 20.25699975291552   
208.5 20.25699975291552   
      
209.25 19.752662777536226   
209.25 19.752662777536226   
209.25 19.752662777536226   
209.25 19.752662777536226   
209.25 19.752662777536226   
      
210.0 19.076364514819648   
210.0 19.076364514819648   
210.0 19.076364514819648   
210.0 19.076364514819648   
210.0 19.076364514819648   
      
210.75 18.162775909293824   
210.75 18.162775909293824   
210.75 18.162775909293824   
210.75 18.162775909293824   
210.75 18.162775909293824   
      
211.5 16.840746862065018   
211.5 16.840746862065018   
211.5 16.840746862065018   
211.5 16.840746862065018   
211.5 16.840746862065018   
      
212.25 15.54191365911219   
212.25 15.54191365911219   
212.25 15.54191365911219   
212.25 15.54191365911219   
212.25 15.54191365911219   
      
213.0 15.414124928571768   
213.0 15.414124928571768   
213.0 15.414124928571768   
213.0 15.414124928571768   
213.0 15.414124928571768   
      
213.75 14.562156771186995   
213.75 14.562156771186995   
213.75 14.562156771186995   
213.75 14.562156771186995   
213.75 14.562156771186995   
      
214.5 14.27026870379495   
214.5 14.27026870379495   
214.5 14.27026870379495   
214.5 14.27026870379495   
214.5 14.27026870379495   
      
215.25 13.378808290211198   
215.25 13.378808290211198   
215.25 13.378808290211198   
215.25 13.378808290211198   
215.25 13.378808290211198   
      
216.0 12.876369057754657   
216.0 12.876369057754657   
216.0 12.876369057754657   
216.0 12.876369057754657   
216.0 12.876369057754657   
      
216.75 12.127646638469182   
216.75 12.127646638469182   
216.75 12.127646638469182   
216.75 12.127646638469182   
216.75 12.127646638469182   
      
217.5 11.650293093661768   
217.5 11.650293093661768   
217.5 11.650293093661768   
217.5 11.650293093661768   
217.5 11.650293093661768   
      
218.25 11.054440591255466   
218.25 11.054440591255466   
218.25 11.054440591255466   
218.25 11.054440591255466   
218.25 11.054440591255466   
      
219.0 10.643401335748846   
219.0 10.643401335748846   
219.0 10.643401335748846   
219.0 10.643401335748846   
219.0 10.643401335748846   
      
219.75 10.137743438914981   
219.75 10.137743438914981   
219.75 10.137743438914981   
219.75 10.137743438914981   
219.75 10.137743438914981   
      
220.5 9.708171787143804   
220.5 9.708171787143804   
220.5 9.708171787143804   
220.5 9.708171787143804   
220.5 9.708171787143804   
      
221.25 9.045806826922847   
221.25 9.045806826922847   
221.25 9.045806826922847   
221.25 9.045806826922847   
221.25 9.045806826922847   
      
222.0 8.110083730241023   
222.0 8.110083730241023   
222.0 8.110083730241023   
222.0 8.110083730241023   
222.0 8.110083730241023   
      
222.75 6.7917329567713365   
222.75 6.7917329567713365   
222.75 6.7917329567713365   
222.75 6.7917329567713365   
222.75 6.7917329567713365   
      
223.5 6.385374471291194   
223.5 6.385374471291194   
223.5 6.385374471291194   
223.5 6.385374471291194   
223.5 6.385374471291194   
      
224.25 6.161531839556262   
224.25 6.161531839556262   
224.25 6.161531839556262   
224.25 6.161531839556262   
224.25 6.161531839556262   
      
225.0 5.752652654572446   
225.0 5.752652654572446   
225.0 5.752652654572446   
225.0 5.752652654572446   
225.0 5.752652654572446   
      
225.75 5.534199098540841   
225.75 5.534199098540841   
225.75 5.534199098540841   
225.75 5.534199098540841   
225.75 5.534199098540841   
      
226.5 5.0671706833621135   
226.5 5.0671706833621135   
226.5 5.0671706833621135   
226.5 5.0671706833621135   
226.5 5.0671706833621135   
      
227.25 4.739712318692863   
227.25 4.739712318692863   
227.25 4.739712318692863   
227.25 4.739712318692863   
227.25 4.739712318692863   
      
228.0 4.199045911459456   
228.0 4.199045911459456   
228.0 4.199045911459456   
228.0 4.199045911459456   
228.0 4.199045911459456   
      
228.75 3.661989529951988   
228.75 3.661989529951988   
228.75 3.661989529951988   
228.75 3.661989529951988   
228.75 3.661989529951988   
      
229.5 3.072890869967919   
229.5 3.072890869967919   
229.5 3.072890869967919   
229.5 3.072890869967919   
229.5 3.072890869967919   
      
230.25 2.692227774765683   
230.25 2.692227774765683   
230.25 2.692227774765683   
230.25 2.692227774765683   
230.25 2.692227774765683   
      
231.0 2.469047156393442   
231.0 2.469047156393442   
231.0 2.469047156393442   
231.0 2.469047156393442   
231.0 2.469047156393442   
      
231.75 2.296243820982898   
231.75 2.296243820982898   
231.75 2.296243820982898   
231.75 2.296243820982898   
231.75 2.296243820982898   
      
232.5 2.197585604754088   
232.5 2.197585604754088   
232.5 2.197585604754088   
232.5 2.197585604754088   
232.5 2.197585604754088   
      
233.25 2.128105802374577   
233.25 2.128105802374577   
233.25 2.128105802374577   
233.25 2.128105802374577   
233.25 2.128105802374577   
      
234.0 2.1437905493889713   
234.0 2.1437905493889713   
234.0 2.1437905493889713   
234.0 2.1437905493889713   
234.0 2.1437905493889713   
      
234.75 2.2249881642093827   
234.75 2.2249881642093827   
234.75 2.2249881642093827   
234.75 2.2249881642093827   
234.75 2.2249881642093827   
      
235.5 2.4392565315204062   
235.5 2.4392565315204062   
235.5 2.4392565315204062   
235.5 2.4392565315204062   
235.5 2.4392565315204062   
      
236.25 2.743417066693275   
236.25 2.743417066693275   
236.25 2.743417066693275   
236.25 2.743417066693275   
236.25 2.743417066693275   
      
237.0 3.0104958138801394   
237.0 3.0104958138801394   
237.0 3.0104958138801394   
237.0 3.0104958138801394   
237.0 3.0104958138801394   
      
237.75 3.223845267579558   
237.75 3.223845267579558   
237.75 3.223845267579558   
237.75 3.223845267579558   
237.75 3.223845267579558   
      
238.5 3.6306784964755634   
238.5 3.6306784964755634   
238.5 3.6306784964755634   
238.5 3.6306784964755634   
238.5 3.6306784964755634   
      
239.25 4.060464102210546   
239.25 4.060464102210546   
239.25 4.060464102210546   
239.25 4.060464102210546   
239.25 4.060464102210546   
      
240.0 4.694417012012614   
240.0 4.694417012012614   
240.0 4.694417012012614   
240.0 4.694417012012614   
240.0 4.694417012012614   
      
240.75 5.137566947291191   
240.75 5.137566947291191   
240.75 5.137566947291191   
240.75 5.137566947291191   
240.75 5.137566947291191   
      
241.5 5.616985509681694   
241.5 5.616985509681694   
241.5 5.616985509681694   
241.5 5.616985509681694   
241.5 5.616985509681694   
      
242.25 5.689365251694576   
242.25 5.689365251694576   
242.25 5.689365251694576   
242.25 5.689365251694576   
242.25 5.689365251694576   
      
243.0 5.916496370673253   
243.0 5.916496370673253   
243.0 5.916496370673253   
243.0 5.916496370673253   
243.0 5.916496370673253   
      
243.75 5.670997973616185   
243.75 5.670997973616185   
243.75 5.670997973616185   
243.75 5.670997973616185   
243.75 5.670997973616185   
      
244.5 6.141650527509046   
244.5 6.141650527509046   
244.5 6.141650527509046   
244.5 6.141650527509046   
244.5 6.141650527509046   
      
245.25 5.328468478488011   
245.25 5.328468478488011   
245.25 5.328468478488011   
245.25 5.328468478488011   
245.25 5.328468478488011   
      
246.0 6.540828471630137   
246.0 6.540828471630137   
246.0 6.540828471630137   
246.0 6.540828471630137   
246.0 6.540828471630137   
      
246.75 5.02345221206987   
246.75 5.02345221206987   
246.75 5.02345221206987   
246.75 5.02345221206987   
246.75 5.02345221206987   
      
247.5 8.107069550092167   
247.5 8.107069550092167   
247.5 8.107069550092167   
247.5 8.107069550092167   
247.5 8.107069550092167   
      
248.25 6.191654124916559   
248.25 6.191654124916559   
248.25 6.191654124916559   
248.25 6.191654124916559   
248.25 6.191654124916559   
      
249.0 9.24607940651685   
249.0 9.24607940651685   
249.0 9.24607940651685   
249.0 9.24607940651685   
249.0 9.24607940651685   
      
249.75 6.839703111107955   
249.75 6.839703111107955   
249.75 6.839703111107955   
249.75 6.839703111107955   
249.75 6.839703111107955   
      
250.5 10.588785376567042   
250.5 10.588785376567042   
250.5 10.588785376567042   
250.5 10.588785376567042   
250.5 10.588785376567042   
      
251.25 7.192913479891616   
251.25 7.192913479891616   
251.25 7.192913479891616   
251.25 7.192913479891616   
251.25 7.192913479891616   
      
252.0 11.506447490540722   
252.0 11.506447490540722   
252.0 11.506447490540722   
252.0 11.506447490540722   
252.0 11.506447490540722   
      
252.75 8.342877907451019   
252.75 8.342877907451019   
252.75 8.342877907451019   
252.75 8.342877907451019   
252.75 8.342877907451019   
      
253.5 12.848443672660965   
253.5 12.848443672660965   
253.5 12.848443672660965   
253.5 12.848443672660965   
253.5 12.848443672660965   
      
254.25 9.20237641773694   
254.25 9.20237641773694   
254.25 9.20237641773694   
254.25 9.20237641773694   
254.25 9.20237641773694   
      
255.0 15.587007890998905   
255.0 15.587007890998905   
255.0 15.587007890998905   
255.0 15.587007890998905   
255.0 15.587007890998905   
      
255.75 17.142645012415777   
255.75 17.142645012415777   
255.75 17.142645012415777   
255.75 17.142645012415777   
255.75 17.142645012415777   
      
256.5 20.041858635809493   
256.5 20.041858635809493   
256.5 20.041858635809493   
256.5 20.041858635809493   
256.5 20.041858635809493   
      
257.25 24.254504280260633   
257.25 24.254504280260633   
257.25 24.254504280260633   
257.25 24.254504280260633   
257.25 24.254504280260633   
      
258.0 23.011815239925223   
258.0 23.011815239925223   
258.0 23.011815239925223   
258.0 23.011815239925223   
258.0 23.011815239925223   
      
258.75 19.741804188707505   
258.75 19.741804188707505   
258.75 19.741804188707505   
258.75 19.741804188707505   
258.75 19.741804188707505   
      
259.5 21.124437136976077   
259.5 21.124437136976077   
259.5 21.124437136976077   
259.5 21.124437136976077   
259.5 21.124437136976077   
      
260.25 22.91927134902598   
260.25 22.91927134902598   
260.25 22.91927134902598   
260.25 22.91927134902598   
260.25 22.91927134902598   
      
261.0 0.15990112530605316   
261.0 0.15990112530605316   
261.0 0.15990112530605316   
261.0 0.15990112530605316   
261.0 0.15990112530605316   
      
261.75 23.46624182503287   
261.75 23.46624182503287   
261.75 23.46624182503287   
261.75 23.46624182503287   
261.75 23.46624182503287   
      
262.5 24.832384598831016   
262.5 24.832384598831016   
262.5 24.832384598831016   
262.5 24.832384598831016   
262.5 24.832384598831016   
      
263.25 26.57858803888493   
263.25 26.57858803888493   
263.25 26.57858803888493   
263.25 26.57858803888493   
263.25 26.57858803888493   
      
264.0 22.55920132489233   
264.0 22.55920132489233   
264.0 22.55920132489233   
264.0 22.55920132489233   
264.0 22.55920132489233   
      
264.75 22.970256173763275   
264.75 22.970256173763275   
264.75 22.970256173763275   
264.75 22.970256173763275   
264.75 22.970256173763275   
      
265.5 24.32473004065583   
265.5 24.32473004065583   
265.5 24.32473004065583   
265.5 24.32473004065583   
265.5 24.32473004065583   
      
266.25 25.604312376849446   
266.25 25.604312376849446   
266.25 25.604312376849446   
266.25 25.604312376849446   
266.25 25.604312376849446   
      
267.0 23.76275519582966   
267.0 23.76275519582966   
267.0 23.76275519582966   
267.0 23.76275519582966   
267.0 23.76275519582966   
      
267.75 24.122565087606606   
267.75 24.122565087606606   
267.75 24.122565087606606   
267.75 24.122565087606606   
267.75 24.122565087606606   
      
268.5 23.192259837780387   
268.5 23.192259837780387   
268.5 23.192259837780387   
268.5 23.192259837780387   
268.5 23.192259837780387   
      
269.25 22.508409524055995   
269.25 22.508409524055995   
269.25 22.508409524055995   
269.25 22.508409524055995   
269.25 22.508409524055995   
      
270.0 21.51010401428688   
270.0 21.51010401428688   
270.0 21.51010401428688   
270.0 21.51010401428688   
270.0 21.51010401428688   
      
270.75 21.243040231933964   
270.75 21.243040231933964   
270.75 21.243040231933964   
270.75 21.243040231933964   
270.75 21.243040231933964   
      
271.5 20.80108338131699   
271.5 20.80108338131699   
271.5 20.80108338131699   
271.5 20.80108338131699   
271.5 20.80108338131699   
      
272.25 19.833562502056182   
272.25 19.833562502056182   
272.25 19.833562502056182   
272.25 19.833562502056182   
272.25 19.833562502056182   
      
273.0 19.081295431504138   
273.0 19.081295431504138   
273.0 19.081295431504138   
273.0 19.081295431504138   
273.0 19.081295431504138   
      
273.75 20.125017787751453   
273.75 20.125017787751453   
273.75 20.125017787751453   
273.75 20.125017787751453   
273.75 20.125017787751453   
      
274.5 18.99038398462124   
274.5 18.99038398462124   
274.5 18.99038398462124   
274.5 18.99038398462124   
274.5 18.99038398462124   
      
275.25 20.632962087451645   
275.25 20.632962087451645   
275.25 20.632962087451645   
275.25 20.632962087451645   
275.25 20.632962087451645   
      
276.0 19.326080979531163   
276.0 19.326080979531163   
276.0 19.326080979531163   
276.0 19.326080979531163   
276.0 19.326080979531163   
      
276.75 20.58731207643277   
276.75 20.58731207643277   
276.75 20.58731207643277   
276.75 20.58731207643277   
276.75 20.58731207643277   
      
277.5 19.833405406699537   
277.5 19.833405406699537   
277.5 19.833405406699537   
277.5 19.833405406699537   
277.5 19.833405406699537   
      
278.25 20.52658568793466   
278.25 20.52658568793466   
278.25 20.52658568793466   
278.25 20.52658568793466   
278.25 20.52658568793466   
      
279.0 20.20454062352805   
279.0 20.20454062352805   
279.0 20.20454062352805   
279.0 20.20454062352805   
279.0 20.20454062352805   
      
279.75 20.54069791440271   
279.75 20.54069791440271   
279.75 20.54069791440271   
279.75 20.54069791440271   
279.75 20.54069791440271   
      
280.5 20.51231686481736   
280.5 20.51231686481736   
280.5 20.51231686481736   
280.5 20.51231686481736   
280.5 20.51231686481736   
      
281.25 20.72446432890475   
281.25 20.72446432890475   
281.25 20.72446432890475   
281.25 20.72446432890475   
281.25 20.72446432890475   
      
282.0 20.951448519301284   
282.0 20.951448519301284   
282.0 20.951448519301284   
282.0 20.951448519301284   
282.0 20.951448519301284   
      
282.75 21.332886050622292   
282.75 21.332886050622292   
282.75 21.332886050622292   
282.75 21.332886050622292   
282.75 21.332886050622292   
      
283.5 21.942574974972327   
283.5 21.942574974972327   
283.5 21.942574974972327   
283.5 21.942574974972327   
283.5 21.942574974972327   
      
284.25 22.853687556434867   
284.25 22.853687556434867   
284.25 22.853687556434867   
284.25 22.853687556434867   
284.25 22.853687556434867   
      
285.0 23.544172925155866   
285.0 23.544172925155866   
285.0 23.544172925155866   
285.0 23.544172925155866   
285.0 23.544172925155866   
      
285.75 23.29086410889739   
285.75 23.29086410889739   
285.75 23.29086410889739   
285.75 23.29086410889739   
285.75 23.29086410889739   
      
286.5 23.422264820940402   
286.5 23.422264820940402   
286.5 23.422264820940402   
286.5 23.422264820940402   
286.5 23.422264820940402   
      
287.25 23.240129482899402   
287.25 23.240129482899402   
287.25 23.240129482899402   
287.25 23.240129482899402   
287.25 23.240129482899402   
      
288.0 23.344380516290475   
288.0 23.344380516290475   
288.0 23.344380516290475   
288.0 23.344380516290475   
288.0 23.344380516290475   
      
288.75 23.242671308409662   
288.75 23.242671308409662   
288.75 23.242671308409662   
288.75 23.242671308409662   
288.75 23.242671308409662   
      
289.5 23.381729038021323   
289.5 23.381729038021323   
289.5 23.381729038021323   
289.5 23.381729038021323   
289.5 23.381729038021323   
      
290.25 23.488493030101317   
290.25 23.488493030101317   
290.25 23.488493030101317   
290.25 23.488493030101317   
290.25 23.488493030101317   
      
291.0 23.87218712963045   
291.0 23.87218712963045   
291.0 23.87218712963045   
291.0 23.87218712963045   
291.0 23.87218712963045   
      
291.75 24.388735345497626   
291.75 24.388735345497626   
291.75 24.388735345497626   
291.75 24.388735345497626   
291.75 24.388735345497626   
      
292.5 24.797257924388198   
292.5 24.797257924388198   
292.5 24.797257924388198   
292.5 24.797257924388198   
292.5 24.797257924388198   
      
293.25 24.786693093409685   
293.25 24.786693093409685   
293.25 24.786693093409685   
293.25 24.786693093409685   
293.25 24.786693093409685   
      
294.0 24.983847078231534   
294.0 24.983847078231534   
294.0 24.983847078231534   
294.0 24.983847078231534   
294.0 24.983847078231534   
      
294.75 24.3966301782351   
294.75 24.3966301782351   
294.75 24.3966301782351   
294.75 24.3966301782351   
294.75 24.3966301782351   
      
295.5 24.94981674403358   
295.5 24.94981674403358   
295.5 24.94981674403358   
295.5 24.94981674403358   
295.5 24.94981674403358   
      
296.25 23.554709543346092   
296.25 23.554709543346092   
296.25 23.554709543346092   
296.25 23.554709543346092   
296.25 23.554709543346092   
      
297.0 24.927148621476647   
297.0 24.927148621476647   
297.0 24.927148621476647   
297.0 24.927148621476647   
297.0 24.927148621476647   
      
297.75 22.919195343604997   
297.75 22.919195343604997   
297.75 22.919195343604997   
297.75 22.919195343604997   
297.75 22.919195343604997   
      
298.5 23.94857294804066   
298.5 23.94857294804066   
298.5 23.94857294804066   
298.5 23.94857294804066   
298.5 23.94857294804066   
      
299.25 22.327769212447095   
299.25 22.327769212447095   
299.25 22.327769212447095   
299.25 22.327769212447095   
299.25 22.327769212447095   
      
300.0 23.020284087992994   
300.0 23.020284087992994   
300.0 23.020284087992994   
300.0 23.020284087992994   
300.0 23.020284087992994   
      
300.75 21.65061026194269   
300.75 21.65061026194269   
300.75 21.65061026194269   
300.75 21.65061026194269   
300.75 21.65061026194269   
      
301.5 22.115171096045515   
301.5 22.115171096045515   
301.5 22.115171096045515   
301.5 22.115171096045515   
301.5 22.115171096045515   
      
302.25 20.93096638679369   
302.25 20.93096638679369   
302.25 20.93096638679369   
302.25 20.93096638679369   
302.25 20.93096638679369   
      
303.0 21.46660754099883   
303.0 21.46660754099883   
303.0 21.46660754099883   
303.0 21.46660754099883   
303.0 21.46660754099883   
      
303.75 20.380811495419962   
303.75 20.380811495419962   
303.75 20.380811495419962   
303.75 20.380811495419962   
303.75 20.380811495419962   
      
304.5 20.65187206607332   
304.5 20.65187206607332   
304.5 20.65187206607332   
304.5 20.65187206607332   
304.5 20.65187206607332   
      
305.25 19.97646783045056   
305.25 19.97646783045056   
305.25 19.97646783045056   
305.25 19.97646783045056   
305.25 19.97646783045056   
      
306.0 19.77942949825475   
306.0 19.77942949825475   
306.0 19.77942949825475   
306.0 19.77942949825475   
306.0 19.77942949825475   
      
306.75 19.393184434243153   
306.75 19.393184434243153   
306.75 19.393184434243153   
306.75 19.393184434243153   
306.75 19.393184434243153   
      
307.5 19.111679183992866   
307.5 19.111679183992866   
307.5 19.111679183992866   
307.5 19.111679183992866   
307.5 19.111679183992866   
      
308.25 18.73099019757257   
308.25 18.73099019757257   
308.25 18.73099019757257   
308.25 18.73099019757257   
308.25 18.73099019757257   
      
309.0 18.289502563697233   
309.0 18.289502563697233   
309.0 18.289502563697233   
309.0 18.289502563697233   
309.0 18.289502563697233   
      
309.75 17.75113809270058   
309.75 17.75113809270058   
309.75 17.75113809270058   
309.75 17.75113809270058   
309.75 17.75113809270058   
      
310.5 17.156598476554883   
310.5 17.156598476554883   
310.5 17.156598476554883   
310.5 17.156598476554883   
310.5 17.156598476554883   
      
311.25 16.54930008176275   
311.25 16.54930008176275   
311.25 16.54930008176275   
311.25 16.54930008176275   
311.25 16.54930008176275   
      
312.0 15.988359643205037   
312.0 15.988359643205037   
312.0 15.988359643205037   
312.0 15.988359643205037   
312.0 15.988359643205037   
      
312.75 15.511440953736393   
312.75 15.511440953736393   
312.75 15.511440953736393   
312.75 15.511440953736393   
312.75 15.511440953736393   
      
313.5 15.071568577990242   
313.5 15.071568577990242   
313.5 15.071568577990242   
313.5 15.071568577990242   
313.5 15.071568577990242   
      
314.25 14.629442927639309   
314.25 14.629442927639309   
314.25 14.629442927639309   
314.25 14.629442927639309   
314.25 14.629442927639309   
      
315.0 14.267789724811177   
315.0 14.267789724811177   
315.0 14.267789724811177   
315.0 14.267789724811177   
315.0 14.267789724811177   
      
315.75 14.065072038168609   
315.75 14.065072038168609   
315.75 14.065072038168609   
315.75 14.065072038168609   
315.75 14.065072038168609   
      
316.5 13.944890470587538   
316.5 13.944890470587538   
316.5 13.944890470587538   
316.5 13.944890470587538   
316.5 13.944890470587538   
      
317.25 13.845843961125063   
317.25 13.845843961125063   
317.25 13.845843961125063   
317.25 13.845843961125063   
317.25 13.845843961125063   
      
318.0 13.684498412120531   
318.0 13.684498412120531   
318.0 13.684498412120531   
318.0 13.684498412120531   
318.0 13.684498412120531   
      
318.75 13.57782389362452   
318.75 13.57782389362452   
318.75 13.57782389362452   
318.75 13.57782389362452   
318.75 13.57782389362452   
      
319.5 13.47176892104044   
319.5 13.47176892104044   
319.5 13.47176892104044   
319.5 13.47176892104044   
319.5 13.47176892104044   
      
320.25 13.510995278930885   
320.25 13.510995278930885   
320.25 13.510995278930885   
320.25 13.510995278930885   
320.25 13.510995278930885   
      
321.0 13.416095049351515   
321.0 13.416095049351515   
321.0 13.416095049351515   
321.0 13.416095049351515   
321.0 13.416095049351515   
      
321.75 13.303296184289058   
321.75 13.303296184289058   
321.75 13.303296184289058   
321.75 13.303296184289058   
321.75 13.303296184289058   
      
322.5 13.193569439013924   
322.5 13.193569439013924   
322.5 13.193569439013924   
322.5 13.193569439013924   
322.5 13.193569439013924   
      
323.25 13.136488543825878   
323.25 13.136488543825878   
323.25 13.136488543825878   
323.25 13.136488543825878   
323.25 13.136488543825878   
      
324.0 13.09300898835848   
324.0 13.09300898835848   
324.0 13.09300898835848   
324.0 13.09300898835848   
324.0 13.09300898835848   
      
324.75 13.079109316313755   
324.75 13.079109316313755   
324.75 13.079109316313755   
324.75 13.079109316313755   
324.75 13.079109316313755   
      
325.5 13.062890774028634   
325.5 13.062890774028634   
325.5 13.062890774028634   
325.5 13.062890774028634   
325.5 13.062890774028634   
      
326.25 13.054216742279369   
326.25 13.054216742279369   
326.25 13.054216742279369   
326.25 13.054216742279369   
326.25 13.054216742279369   
      
327.0 13.056944009369909   
327.0 13.056944009369909   
327.0 13.056944009369909   
327.0 13.056944009369909   
327.0 13.056944009369909   
      
327.75 13.06326499848188   
327.75 13.06326499848188   
327.75 13.06326499848188   
327.75 13.06326499848188   
327.75 13.06326499848188   
      
328.5 13.01415069457805   
328.5 13.01415069457805   
328.5 13.01415069457805   
328.5 13.01415069457805   
328.5 13.01415069457805   
      
329.25 12.891647203840286   
329.25 12.891647203840286   
329.25 12.891647203840286   
329.25 12.891647203840286   
329.25 12.891647203840286   
      
330.0 12.75139699144027   
330.0 12.75139699144027   
330.0 12.75139699144027   
330.0 12.75139699144027   
330.0 12.75139699144027   
      
330.75 12.619729973554497   
330.75 12.619729973554497   
330.75 12.619729973554497   
330.75 12.619729973554497   
330.75 12.619729973554497   
      
331.5 12.502731227199387   
331.5 12.502731227199387   
331.5 12.502731227199387   
331.5 12.502731227199387   
331.5 12.502731227199387   
      
332.25 12.39989385967143   
332.25 12.39989385967143   
332.25 12.39989385967143   
332.25 12.39989385967143   
332.25 12.39989385967143   
      
333.0 12.312666771800213   
333.0 12.312666771800213   
333.0 12.312666771800213   
333.0 12.312666771800213   
333.0 12.312666771800213   
      
333.75 12.241898440702796   
333.75 12.241898440702796   
333.75 12.241898440702796   
333.75 12.241898440702796   
333.75 12.241898440702796   
      
334.5 12.184482213775116   
334.5 12.184482213775116   
334.5 12.184482213775116   
334.5 12.184482213775116   
334.5 12.184482213775116   
      
335.25 12.132849370876185   
335.25 12.132849370876185   
335.25 12.132849370876185   
335.25 12.132849370876185   
335.25 12.132849370876185   
      
336.0 12.077501796915039   
336.0 12.077501796915039   
336.0 12.077501796915039   
336.0 12.077501796915039   
336.0 12.077501796915039   
      
336.75 12.003829761660578   
336.75 12.003829761660578   
336.75 12.003829761660578   
336.75 12.003829761660578   
336.75 12.003829761660578   
      
337.5 11.901115093780763   
337.5 11.901115093780763   
337.5 11.901115093780763   
337.5 11.901115093780763   
337.5 11.901115093780763   
      
338.25 11.778710759633386   
338.25 11.778710759633386   
338.25 11.778710759633386   
338.25 11.778710759633386   
338.25 11.778710759633386   
      
339.0 11.652135534254615   
339.0 11.652135534254615   
339.0 11.652135534254615   
339.0 11.652135534254615   
339.0 11.652135534254615   
      
339.75 11.526897260614275   
339.75 11.526897260614275   
339.75 11.526897260614275   
339.75 11.526897260614275   
339.75 11.526897260614275   
      
340.5 11.404724854060209   
340.5 11.404724854060209   
340.5 11.404724854060209   
340.5 11.404724854060209   
340.5 11.404724854060209   
      
341.25 11.285620347401832   
341.25 11.285620347401832   
341.25 11.285620347401832   
341.25 11.285620347401832   
341.25 11.285620347401832   
      
342.0 11.167909569320026   
342.0 11.167909569320026   
342.0 11.167909569320026   
342.0 11.167909569320026   
342.0 11.167909569320026   
      
342.75 11.04624812497423   
342.75 11.04624812497423   
342.75 11.04624812497423   
342.75 11.04624812497423   
342.75 11.04624812497423   
      
343.5 10.913862858479815   
343.5 10.913862858479815   
343.5 10.913862858479815   
343.5 10.913862858479815   
343.5 10.913862858479815   
      
344.25 10.765865259874902   
344.25 10.765865259874902   
344.25 10.765865259874902   
344.25 10.765865259874902   
344.25 10.765865259874902   
      
345.0 10.60286700594528   
345.0 10.60286700594528   
345.0 10.60286700594528   
345.0 10.60286700594528   
345.0 10.60286700594528   
      
345.75 10.429899654349182   
345.75 10.429899654349182   
345.75 10.429899654349182   
345.75 10.429899654349182   
345.75 10.429899654349182   
      
346.5 10.251537356885857   
346.5 10.251537356885857   
346.5 10.251537356885857   
346.5 10.251537356885857   
346.5 10.251537356885857   
      
347.25 10.068846956081549   
347.25 10.068846956081549   
347.25 10.068846956081549   
347.25 10.068846956081549   
347.25 10.068846956081549   
      
348.0 9.880704276123586   
348.0 9.880704276123586   
348.0 9.880704276123586   
348.0 9.880704276123586   
348.0 9.880704276123586   
      
348.75 9.68541740552186   
348.75 9.68541740552186   
348.75 9.68541740552186   
348.75 9.68541740552186   
348.75 9.68541740552186   
      
349.5 9.482185206519892   
349.5 9.482185206519892   
349.5 9.482185206519892   
349.5 9.482185206519892   
349.5 9.482185206519892   
      
